MJD mag magerr flux fluxerr
58560.4617450231 2.8146569412 0.0516158464 0.0748405936 0.0035580368
58560.4618496296 2.8161843032 0.051664352 0.0747353854 0.003556374
58560.4619541667 2.8802781473 0.0536700285 0.0704512562 0.0034826572
58560.4620587153 2.8522617686 0.0524024474 0.0722928411 0.0034892897
58560.4621633102 2.8537131288 0.0531307434 0.072196268 0.0035330583
58560.4622679167 2.7919384477 0.0512327838 0.0764230948 0.0036063074
58560.4623724769 2.8785717222 0.0543228371 0.0705620697 0.0035305626
58560.4624770023 2.8168687378 0.0515696563 0.074688288 0.0035476184
58560.4625815394 2.9016036453 0.0547799563 0.0690809883 0.0034855425
58560.4626861111 2.8241222314 0.051567759 0.0741909799 0.0035238672
58560.4627906713 2.8820345693 0.0535730936 0.0703373776 0.0034707478
58560.4628951968 2.8982634316 0.0544750063 0.0692938397 0.003476819
58560.4629997569 2.8515574937 0.0527810742 0.0723397498 0.0035167815
58560.4631043634 2.8597100849 0.0532026404 0.0717985983 0.0035183522
58560.4632088773 2.8393211986 0.0522985439 0.0731596334 0.0035241248
58560.4633134375 2.8062522411 0.0501681814 0.0754221839 0.0034851191
58560.4634180093 2.8633470434 0.0540292508 0.0715584925 0.0035610682
58560.463522581 2.8867139284 0.0537119556 0.0700348864 0.0034647791
58560.4636271296 2.9502486701 0.0575727436 0.0660542144 0.0035027377
58560.4637317014 2.9728068305 0.0567966636 0.0646959758 0.0033844668
58560.4638362731 2.9420971961 0.0558971849 0.0665520016 0.0034264249
58560.4639408449 3.0424914409 0.0617964465 0.0606741113 0.0034534811
58560.4640453704 3.1610353307 0.0670496184 0.0543983676 0.0033594822
58560.4641499074 3.0314366169 0.0608188698 0.0612950429 0.0034336329
58560.4642545023 3.0411300433 0.0618106001 0.0607502379 0.0034586061
58560.4643590741 2.8566144749 0.0533843526 0.0720035999 0.0035404491
58560.4644636343 2.8406569337 0.0519926979 0.0730696836 0.0034992079
58560.4645682523 2.9170541732 0.0549358887 0.0681048955 0.0034460744
58560.4646727546 2.8487947459 0.0524570754 0.0725240589 0.0035040988
58560.4647773611 2.8524451702 0.0525178812 0.0722806304 0.0034963853
58560.4648818519 2.8815225201 0.0532669711 0.0703705575 0.0034525435
58560.464986412 2.8203007748 0.0518795372 0.0744525694 0.0035576723
58560.4650910069 2.8299598239 0.0510896516 0.0737931536 0.0034724754
58560.465195544 2.8101272089 0.0503721065 0.0751534836 0.0034868189
58560.4653000926 2.8275051497 0.0517417089 0.0739601767 0.0035247545
58560.4654047222 2.8008519626 0.050916204 0.0757982563 0.00355472
58560.4655092245 2.8828046886 0.0545500847 0.0702875045 0.0035315366
58560.4656137847 2.8265626523 0.0515445092 0.0740244074 0.0035143702
58560.4657183449 2.7888823041 0.0496572497 0.0766385145 0.0035052573
58560.4658229282 2.9005158228 0.0544297341 0.0691502367 0.0034667302
58560.4659274884 2.8229475987 0.0510931408 0.0742712889 0.0034952136
58560.4660320139 2.8549310356 0.0525231911 0.0721153284 0.003488742
58560.4661366204 2.8749811851 0.0525652148 0.0707958053 0.0034276473
58560.4662411806 2.8080622179 0.0500412518 0.0752965561 0.0034705111
58560.4663457176 2.849715096 0.0520101226 0.0724626082 0.0034712988
58560.4664502662 2.9028289702 0.0534473748 0.0690030698 0.0033969171
58560.4665548495 2.8667718462 0.0520364786 0.0713331269 0.003418923
58560.4666595023 2.9460628615 0.0560172892 0.0663093629 0.0034212681
58560.4667640046 2.7881056468 0.0489599727 0.0766933558 0.0034585103
58560.4668685648 2.8214893394 0.050247111 0.0743711101 0.0034419577
58560.4669731019 2.8201048652 0.0510625987 0.0744660048 0.0035022821
58560.4670777083 2.8209256425 0.0503790845 0.0744097325 0.0034527901
58560.4671821875 2.8817314738 0.0527869944 0.0703570158 0.003420775
58560.4672867477 2.8753516535 0.0525666698 0.0707716529 0.0034265728
58560.4673913194 2.9171517313 0.054668219 0.0680987762 0.0034289756
58560.4674958912 2.8863705363 0.0535761245 0.0700570403 0.0034571104
58560.467600463 2.78603867 0.0491604701 0.0768395003 0.0034792907
58560.4677050694 2.8078263931 0.0499416538 0.0753129125 0.0034643561
58560.467809537 2.8780981364 0.0521046182 0.0705928548 0.003387873
58560.4679141898 2.9180195126 0.0547436891 0.0680443696 0.003430966
58560.4680187037 2.8174207699 0.0499952386 0.0746503231 0.0034375617
58560.4681232639 2.8826998023 0.0531632316 0.0702942949 0.0034420852
58560.4682278125 2.9042803944 0.0541644487 0.0689108873 0.0034378928
58560.4683323727 2.9048514606 0.0530321627 0.0688746517 0.0033642551
58560.4684385069 2.8299387136 0.0504304989 0.0737945884 0.0034277405
58560.4685415162 2.858359569 0.0531389681 0.0718879621 0.0035185154
58560.4686461111 2.8265685625 0.0516549051 0.0740240044 0.003521878
58560.4687506366 2.836462875 0.0512652769 0.0733524882 0.0034636047
58560.4688551852 2.8304967577 0.0505976982 0.0737566693 0.0034373378
58560.4689597454 2.838950553 0.0505928146 0.0731846127 0.0034103487
58560.4690643287 2.8521396405 0.05189893 0.0723009733 0.003456151
58560.4691688542 2.8336880909 0.0510176825 0.0735401927 0.003455697
58560.4692734607 2.7756605011 0.0487406722 0.0775775035 0.0034827113
58560.4693779745 2.9300428961 0.0544450218 0.0672950068 0.003374669
58560.4694825463 2.8507788468 0.0507928904 0.0723916476 0.0033867376
58560.4695870949 2.8210945648 0.0505062821 0.0743981564 0.0034609692
58560.4696916435 2.805555898 0.0499168247 0.0754705719 0.0034698824
58560.4697962037 2.870003527 0.0524094864 0.0711211203 0.0034331965
58560.469900787 2.8537601477 0.051896369 0.0721931415 0.0034508261
58560.4700053704 2.8132007261 0.0507388118 0.0749410389 0.0035022744
58560.4701099421 2.7997091064 0.0498358819 0.0758780843 0.0034829614
58560.470214456 2.8623401074 0.0522260636 0.0716248882 0.003445414
58560.4703190509 2.8189442592 0.0514896559 0.0745456483 0.0035353503
58560.4704236343 2.8352841777 0.0524335121 0.0734321644 0.0035463814
58560.4705282407 2.9554297881 0.0564942235 0.0657397555 0.0034207575
58560.4706327662 2.8982982067 0.054911643 0.0692916204 0.0035045747
58560.4707373495 2.8534840452 0.0530246669 0.0722115026 0.0035267485
58560.4708418287 2.8148671222 0.0510912315 0.0748261071 0.0035211918
58560.4709463657 2.8126723697 0.0503588824 0.0749775167 0.0034777415
58560.4710509606 2.8160217713 0.0503414111 0.074746574 0.0034658267
58560.4711555208 2.8966859191 0.0529898344 0.0693945929 0.0033869467
58560.4712600579 2.7684789889 0.0496545618 0.0780923342 0.0035715581
58560.4713646065 2.856466376 0.053021288 0.0720134222 0.0035168503
58560.4714691782 2.8321652629 0.0518616654 0.0736434108 0.0035177949
58560.47157375 2.7906522167 0.05010334 0.0765136841 0.0035309857
58560.4716783218 2.8047319725 0.0503013409 0.0755278655 0.0034992658
58560.4717828819 2.9196663638 0.0557858491 0.0679412377 0.0034909824
58560.4718874421 2.8517898268 0.052265711 0.0723242717 0.003481698
58560.471992037 2.7414664685 0.0476095406 0.0800595994 0.0035107311
58560.4720965972 2.769232362 0.0489171256 0.0780381662 0.0035160751
58560.4722011921 2.7907612023 0.0494558722 0.076506004 0.0034850061
58560.4723056944 2.7996949809 0.0497760747 0.0758790714 0.0034788269
58560.4724102894 2.8296448831 0.0509506177 0.0738145619 0.0034640301
58560.472514838 2.7995918748 0.0501000589 0.0758862776 0.0035018025
58560.472619375 2.838546054 0.0517845675 0.0732118832 0.0034919828
58560.4727239236 2.9151480414 0.0557302462 0.0682245663 0.0035020465
58560.4728284838 2.8518999549 0.0525572076 0.0723169361 0.003500761
58560.4729330324 2.859851222 0.053194069 0.0717892657 0.0035173281
58560.4730376273 2.847424932 0.0514890037 0.0726156162 0.0034437743
58560.4731421644 2.7936575289 0.0504736135 0.0763021874 0.003547248
58560.4732467361 2.8222482512 0.0508744938 0.0743191441 0.0034824987
58560.4733513079 2.8236878976 0.0504346203 0.074220665 0.0034478134
58560.4734558333 2.7605396157 0.0479508622 0.0786654722 0.0034743274
58560.4735603935 2.859666713 0.0520886779 0.0718014665 0.0034448222
58560.4736649653 2.8256480161 0.0512221482 0.0740867926 0.0034953345
58560.4737695833 2.7799306901 0.0482107087 0.0772729912 0.0034313214
58560.4738741319 2.911373543 0.0545087697 0.0684621577 0.0034372184
58560.4739786574 2.7740832037 0.0486295212 0.0776902857 0.0034798208
58560.4740832176 2.8971880806 0.0532153081 0.0693625048 0.0033997854
58560.4741877778 2.7642764795 0.047841286 0.0783951884 0.0034544779
58560.4742923727 2.799826584 0.0493966468 0.0758698746 0.0034518904
58560.4743969792 2.8468988298 0.0512943838 0.0726508112 0.0034324202
58560.4745014815 2.7898764599 0.0494249383 0.0765683725 0.0034856655
58560.4746060069 2.8374786506 0.0510008227 0.0732838943 0.0034425153
58560.4747105671 2.8018977809 0.0493856362 0.07572528 0.0034445437
58560.4748151389 2.9220243359 0.0545553221 0.0677938449 0.0034065718
58560.4749197107 2.8293616322 0.0509863627 0.0738338215 0.0034673648
58560.4750242824 2.8869224701 0.0524134781 0.0700214358 0.0033803693
58560.4751288657 2.9315685665 0.0547318549 0.0672005107 0.0033876841
58560.4752334143 2.81046375 0.049664529 0.0751301922 0.0034367741
58560.4753379398 2.8051507263 0.0487690417 0.075498741 0.0033913616
58560.4754425 2.7772692588 0.0483026787 0.0774626404 0.0034463047
58560.4755470718 2.887577295 0.0524179479 0.0699792175 0.0033786193
58560.4756516088 2.7866220987 0.0497038134 0.0767982211 0.0035158556
58560.4757562268 2.8820744466 0.051865973 0.0703347942 0.0033600281
58560.4758607755 2.7795800077 0.048828535 0.0772979537 0.0034764169
58560.4759652894 2.7688568949 0.0474972135 0.0780651578 0.0034151952
58560.4760698843 2.8263641962 0.0502741047 0.0740379391 0.003428379
58560.4761745023 2.8048243213 0.0498141439 0.0755214416 0.0034650787
58560.4762790625 2.8106381147 0.049738898 0.0751181276 0.0034413677
58560.476383588 2.7475400667 0.0469668527 0.079612997 0.0034440194
58560.4764881481 2.8343318877 0.0503012768 0.0734965993 0.0034051513
58560.4765926736 2.8195236723 0.0493936234 0.074505877 0.0033896244
58560.4766972222 2.7966432618 0.0483979494 0.0760926476 0.003392031
58560.4768017824 2.845895964 0.050362645 0.0727179479 0.0033731861
58560.4769063542 2.7742489773 0.0477540654 0.0776784246 0.0034166534
58560.4770109375 2.8749981955 0.0519604506 0.0707946961 0.0033881591
58560.477115463 2.8566670738 0.0512904939 0.0720001118 0.0034014196
58560.4772200463 2.8165114211 0.049374116 0.0747128721 0.0033976992
58560.4773245833 2.8397768199 0.0507797486 0.0731289389 0.0034203455
58560.4774291435 2.8515340088 0.0512069127 0.0723413146 0.0034119696
58560.4775337153 2.8428629585 0.0510323713 0.0729213695 0.0034276047
58560.4776382639 2.8540820103 0.0513492425 0.0721717433 0.0034134331
58560.4777428588 2.9966209681 0.0564545917 0.0632924071 0.0032910998
58560.4778474421 3.0355156494 0.0588565584 0.0610651939 0.003310387
58560.4779519792 3.1720634904 0.0661172329 0.0538486232 0.0032792871
58560.4780565162 3.3429919794 0.075334159 0.0460048065 0.0031921649
58560.478161088 3.3054985511 0.0734462831 0.0476212268 0.003221518
58560.4782656481 3.3295348746 0.0744321571 0.0465785592 0.0031932787
58560.4783702431 3.2358163627 0.0695123382 0.0507777502 0.003251064
58560.4784748495 3.2116259779 0.0676360636 0.0519217843 0.0032345815
58560.478579375 3.0037124937 0.0578507648 0.0628803575 0.0033505359
58560.4786838889 2.908683593 0.0536853656 0.0686319855 0.0033936937
58560.4787884375 2.7947087921 0.0486531112 0.0762283436 0.0034159953
58560.4788930093 3.0175614554 0.0577134707 0.0620833892 0.0033002191
58560.4789976736 2.8415634376 0.0494670972 0.0730087016 0.0033264516
58560.4791021296 2.7358487569 0.0462738207 0.0804749096 0.003429936
58560.4792066898 2.9125943554 0.0527761977 0.0683852215 0.0033242258
58560.4793112384 2.8857035181 0.0519910306 0.0701000928 0.0033568906
58560.4794157986 2.7855482708 0.0486899337 0.0768742146 0.0034475457
58560.4795203704 2.7953833646 0.0486090611 0.0761809974 0.0034107827
58560.4796249537 2.7954888761 0.047715559 0.0761735945 0.0033477624
58560.4797295602 2.8211999703 0.0495230846 0.0743909341 0.0033932657
58560.4798341204 2.8918634963 0.0512193026 0.0697035025 0.0032883529
58560.4799386806 2.8497504763 0.0496106396 0.0724602469 0.0033110428
58560.4800431597 2.7801332339 0.0479728601 0.0772585773 0.003413756
58560.4801477199 2.8415501792 0.0501519238 0.0730095931 0.0033725445
58560.4802523611 2.7905356902 0.0490095528 0.0765218963 0.0034542727
58560.4803569213 2.8566226071 0.0505404588 0.0720030606 0.003351817
58560.4804614005 2.8475013462 0.0500015775 0.0726105057 0.0033440544
58560.4805659838 2.8923593904 0.0517835378 0.0696716737 0.0033230595
58560.480670544 2.8289787653 0.0489465561 0.0738598623 0.0033298203
58560.4807751042 2.8093402723 0.0487042702 0.0752079743 0.0033738137
58560.4808796643 2.7938849363 0.0476217794 0.0762862076 0.0033461223
58560.4809842361 2.7237252434 0.0453585713 0.0813785416 0.0033998475
58560.4810887847 2.8299867687 0.0489685658 0.0737913223 0.0033282262
58560.4811933796 2.802962233 0.0484248827 0.0756510755 0.0033742235
58560.4812979398 2.7973949566 0.0476090337 0.0760399841 0.0033344296
58560.4814024653 2.7593081297 0.0463159853 0.0787547484 0.0033596793
58560.4815070486 2.8506803286 0.0496778453 0.0723982167 0.0033126899
58560.4816116319 2.8496516188 0.0492601129 0.0724668448 0.0032879478
58560.4817162153 2.7872777831 0.0474218062 0.0767518561 0.0033524101
58560.4818207986 2.8515758114 0.0493754352 0.0723385294 0.0032898097
58560.4819252894 2.804410363 0.0486453992 0.0755502411 0.0033850711
58560.4820298611 2.7628993782 0.0467914034 0.0784946846 0.003382957
58560.4821343981 2.8753362176 0.0504928439 0.070772659 0.0032914367
58560.4822389468 2.8622149199 0.0504087325 0.0716331472 0.003325906
58560.4823435532 2.8031145382 0.0481767013 0.0756404641 0.0033564595
58560.4824480671 2.8629327935 0.0505114533 0.0715858 0.0033304806
58560.4825526389 2.8760755597 0.0510879399 0.0707244821 0.0033279618
58560.4826572106 2.8481970325 0.0488861903 0.0725639954 0.0032673642
58560.4827617593 2.788263739 0.04752421 0.0766821894 0.0033565999
58560.4828663194 2.8699568865 0.0497922782 0.0711241756 0.0032618907
58560.4829708681 2.8031785901 0.0474339702 0.0756360019 0.0033045186
58560.4830754398 2.9321740879 0.0522358347 0.067163043 0.0032313877
58560.4831800116 2.7647913039 0.0460626847 0.0783580245 0.0033244736
58560.4832845949 2.7597524186 0.0454750917 0.0787225281 0.0032973328
58560.4833891667 2.8239049006 0.0482153026 0.0742058322 0.0032954376
58560.4834937616 2.8309553742 0.0482162335 0.073725521 0.0032741705
58560.4835982639 2.8026047849 0.0480850731 0.0756759856 0.003351649
58560.4837028935 2.7620456696 0.0460641706 0.0785564288 0.0033329987
58560.4838074421 2.8259171903 0.048270912 0.0740684274 0.0032931294
58560.4839119213 2.8506790381 0.0490690339 0.0723983027 0.0032720961
58560.4840164699 2.8504986612 0.0490699596 0.0724103315 0.0032727015
58560.4841210417 2.8289490567 0.0484258882 0.0738618834 0.0032944896
58560.4842256134 2.8288846233 0.0482814293 0.0738662669 0.0032848567
58560.4843301852 2.807937001 0.0479387584 0.0753052405 0.0033250803
58560.4844347222 2.816443371 0.0491261438 0.0747175549 0.0033808468
58560.4845393056 2.8065427747 0.0479371244 0.0754020043 0.0033292394
58560.4846438889 2.80406038 0.0474069184 0.0755745984 0.0032999529
58560.4847484028 2.8422330453 0.0491553324 0.0729636887 0.0033034488
58560.484852963 2.8319436431 0.0480955725 0.0736584444 0.0032630055
58560.4849575579 2.8294609831 0.0489934583 0.0738270656 0.003331531
58560.4850621528 2.7604045665 0.0461022271 0.0786752576 0.0033407982
58560.485166713 2.8201812342 0.0489307919 0.0744607671 0.0033558297
58560.4852712153 2.8135251402 0.0472548815 0.0749186502 0.0032608197
58560.4853757755 2.8049070253 0.0476460882 0.0755156891 0.003314016
58560.4854803704 2.9027036776 0.0510890734 0.0690110331 0.003247407
58560.4855850463 2.8253573487 0.0486978443 0.0741066294 0.003323969
58560.4856895255 2.8132084735 0.0478393355 0.0749405042 0.0033021128
58560.4857941898 2.8468926548 0.0488585981 0.0726512244 0.0032694455
58560.4858985995 2.8321496046 0.0485939536 0.0736444729 0.0032961924
58560.4860031482 2.8328822746 0.0479473981 0.0735947933 0.0032501417
58560.4861077199 2.8355302374 0.0475221459 0.0734155244 0.003213469
58560.4862122454 2.8607437168 0.0489581273 0.0717302779 0.0032345768
58560.4863168403 2.7484906091 0.044979034 0.0795433278 0.0032953689
58560.4864213657 2.8919579857 0.0505236447 0.0696974366 0.0032434084
58560.4865259722 2.8877468568 0.0493430072 0.0699682896 0.0031799261
58560.4866305787 2.80822653 0.0463581095 0.0752851618 0.0032145876
58560.4867352083 2.8321390867 0.048314167 0.0736451863 0.0032772459
58560.4868396181 2.8267599779 0.0480501329 0.0740109551 0.0032755238
58560.4869441782 2.9337272072 0.052125309 0.0670670366 0.0032199411
58560.4870487616 2.8373391732 0.0480706856 0.0732933092 0.0032451502
58560.4871533449 2.853957607 0.0482707892 0.0721800132 0.0032091611
58560.4872579514 2.8449892218 0.0478560894 0.0727787029 0.0032079802
58560.4873624653 2.8978310191 0.0502319711 0.0693214427 0.0032072881
58560.4874670023 2.835839338 0.0477628432 0.0733946265 0.0032288257
58560.4875715509 2.8493893093 0.0476996643 0.0724843546 0.0031845624
58560.4876761458 2.8200541306 0.047581793 0.0744694845 0.0032636931
58560.4877806944 2.747017339 0.0448206979 0.079651336 0.0032882274
58560.4878852546 2.8048931346 0.0460881433 0.0755166553 0.0032056944
58560.4879898148 2.8723678582 0.0492818444 0.0709664134 0.0032212911
58560.4880943634 2.8646020264 0.0486400767 0.0714758271 0.0032021642
58560.4881989699 2.8113066224 0.0464155811 0.0750718902 0.0032094551
58560.4883035069 2.7807854061 0.0450557211 0.0772121841 0.0032042467
58560.4884080324 2.7367058206 0.0434463224 0.0804114089 0.0032178134
58560.4885180208 2.7631250504 0.0451911063 0.078478371 0.0032665786
58560.4886172222 2.8625944324 0.0481878715 0.0716081126 0.0031782652
58560.4887217593 2.8102612199 0.0462180564 0.0751442081 0.0031988756
58560.4888263079 2.8162129557 0.0461356737 0.0747334132 0.0031757174
58560.4889308796 2.8101718835 0.0459815953 0.0751503914 0.0031827714
58560.4890354861 2.8560192673 0.0480311273 0.0720430836 0.00318717
58560.4891400926 2.8432029805 0.0471757612 0.0728985362 0.0031675821
58560.4892446528 2.8838627136 0.048256164 0.0702190443 0.0031210295
58560.4893491204 2.9168930752 0.0497238741 0.0681150014 0.0031195927
58560.489453669 2.8422709157 0.048027341 0.0729611438 0.0032275304
58560.4895582176 2.7575305349 0.0445721103 0.0788837932 0.0032384794
58560.4896627662 2.799301217 0.0457809837 0.0759065955 0.0032007724
58560.4897673264 2.8683298627 0.0483700411 0.0712308382 0.003173472
58560.4898719213 2.7585834424 0.0440820455 0.0788073317 0.0031997682
58560.4899764468 2.7896990672 0.0452925682 0.0765808836 0.0031947544
58560.4900810301 2.7860656813 0.0448729695 0.0768375887 0.0031757675
58560.4901855787 2.8745699274 0.0481161552 0.0708226265 0.0031387239
58560.490290162 2.8161623566 0.0456122394 0.0747368961 0.0031398335
58560.4903947107 2.7687331001 0.0446559751 0.0780740593 0.0032112676
58560.4904993056 2.8138284429 0.0459331434 0.0748977244 0.0031687279
58560.4906038194 2.8075704358 0.0456452123 0.0753306692 0.0031670668
58560.4907084375 2.8045481769 0.0457829152 0.075540652 0.003185476
58560.4908129977 2.8347034845 0.0463558025 0.0734714492 0.0031369881
58560.4909175 2.7812549262 0.0445726892 0.0771788014 0.0031685242
58560.4910220718 2.8574147969 0.0472449094 0.0719505439 0.0031309726
58560.4911267361 2.8138088498 0.0464961301 0.074899076 0.0032076238
58560.4912312037 2.7922434587 0.0448112234 0.0764016287 0.0031534037
58560.4913358333 2.8078691303 0.045092596 0.075309948 0.0031278632
58560.4914404051 2.7850522867 0.0451251864 0.0769093402 0.0031965997
58560.4915448727 2.7739857466 0.0448328932 0.0776972596 0.0032084305
58560.4916494444 2.8182735644 0.0462907462 0.0745917119 0.00318035
58560.4917539931 2.8025301698 0.0453182565 0.0756811865 0.0031590121
58560.4918586458 2.8881025966 0.0485774448 0.0699453683 0.0031295637
58560.4919631597 2.8329788793 0.0462329541 0.0735882455 0.0031336483
58560.4920676968 3.0020944364 0.0529468152 0.0629741371 0.0030710878
58560.4921722454 3.049054777 0.0552503139 0.0603084392 0.0030690432
58560.4922768056 2.9682546498 0.0515467059 0.0649677969 0.0030845316
58560.4923813657 2.9143410941 0.0497778679 0.0682752914 0.0031303292
58560.4924859259 2.9916076597 0.0523765381 0.063585331 0.0030674952
58560.492590544 2.9052174797 0.0497866047 0.0688514369 0.0031572988
58560.492695081 2.879628625 0.0480668456 0.070493415 0.0031209322
58560.4927996181 2.8839057566 0.047983336 0.0702162606 0.003103261
58560.4929041667 2.7997593647 0.0453972166 0.075874572 0.0031726024
58560.49300875 2.8377842042 0.0463726961 0.0732632733 0.0031292397
58560.4931133218 2.9004808001 0.0492156213 0.0691524673 0.0031347349
58560.4932179977 2.78665634 0.044685696 0.0767957991 0.0031607937
58560.4933225116 2.8084403222 0.0450233905 0.0752703388 0.0031214202
58560.4934269676 2.8391482617 0.0466617646 0.0731712872 0.0031447927
58560.4935315278 2.7838054049 0.044404131 0.0769977152 0.0031491357
58560.4936360764 2.8523789283 0.0468619344 0.0722850405 0.0031200302
58560.4937406597 2.8743943184 0.0471786106 0.0708340825 0.0030780635
58560.4938452199 2.8836269768 0.0474533345 0.0702342921 0.0030697719
58560.4939497685 2.7333761749 0.0430270712 0.0806583865 0.0031965498
58560.4940543519 2.8207465954 0.0461875207 0.0744220043 0.0031660384
58560.4941588889 2.7883561736 0.0443768406 0.0766756613 0.0031340367
58560.4942634722 2.7418132211 0.0435982071 0.0800340348 0.0032139085
58560.4943680556 2.8094627269 0.0449809969 0.0751994924 0.0031155459
58560.4944726389 2.8133556467 0.0447333445 0.0749303466 0.0030873031
58560.4945771528 2.7986954756 0.0443275638 0.0759489562 0.0031008862
58560.4946817361 2.8164106473 0.0450318635 0.0747198069 0.003099173
58560.4947863194 2.814503362 0.0448610416 0.0748511807 0.0030928451
58560.4948908796 2.762876309 0.0426903943 0.0784963524 0.003086525
58560.4949954282 2.8349826943 0.0454575688 0.0734525576 0.0030754119
58560.4950999769 2.8217233878 0.045204702 0.0743550799 0.0030958821
58560.4952045718 2.8106364954 0.0445936467 0.0751182396 0.0030853792
58560.4953090741 2.8037844294 0.0445923447 0.0755938089 0.0031048219
58560.4954136343 2.8502053556 0.0455755925 0.0724298954 0.0030404673
58560.4955181944 2.8340776002 0.0462413148 0.0735138148 0.0031310449
58560.4956227431 2.7941185972 0.0442461379 0.0762697918 0.0031082654
58560.4957273148 2.7828845618 0.0439641929 0.0770630468 0.0031205809
58560.4958319792 2.8175130395 0.0449752738 0.0746439794 0.0030921372
58560.4959364352 2.8848570357 0.0473756146 0.0701547669 0.003061274
58560.4960409838 2.8242171299 0.0448043479 0.0741844956 0.0030614239
58560.4961456134 2.7866662956 0.0436726108 0.076795095 0.0030891059
58560.4962501852 2.7969546212 0.0442369666 0.0760708294 0.0030995144
58560.4963547106 2.8181958449 0.0444822143 0.0745970515 0.0030563158
58560.4964592477 2.8132743054 0.0445677095 0.0749359604 0.0030761022
58560.4965638079 2.7882209548 0.0432989316 0.0766852112 0.0030582921
58560.4966684259 2.8884200915 0.0470893089 0.0699249176 0.0030328047
58560.4967729977 2.8634534181 0.0458086334 0.0715514819 0.0030189515
58560.4968775463 2.8189286402 0.0445793186 0.0745467207 0.0030609211
58560.4969820718 2.8212832652 0.0443284765 0.0743852272 0.003037104
58560.4970865972 2.7724027258 0.0429552113 0.0778106261 0.0030785409
58560.497191169 2.7892675622 0.0435856636 0.0766113253 0.0030755784
58560.4972957292 2.8074171737 0.0434459655 0.0753413036 0.0030148988
58560.4974002894 2.8061807473 0.0438172449 0.0754271505 0.0030441281
58560.4975048727 2.8148454451 0.0432169162 0.074827601 0.0029785559
58560.4976094329 2.7630562942 0.042202757 0.078483341 0.003050763
58560.4977139699 2.8619906992 0.0456916204 0.071647942 0.0030152994
58560.4978185185 2.7926392374 0.043525882 0.0763737834 0.0030618369
58560.4979230903 2.8217888617 0.0436130019 0.0743505962 0.0029866931
58560.4980276505 2.8232382427 0.0440329588 0.0742514096 0.0030114297
58560.4981322569 2.889411802 0.0459136396 0.0698610774 0.0029543855
58560.4982368171 2.7568264138 0.0423501673 0.0789349675 0.0030790357
58560.4983414005 2.8411368452 0.0450152131 0.0730373928 0.003028271
58560.4984459259 2.8227362576 0.0436018414 0.0742857474 0.0029833245
58560.4985505787 2.8876429013 0.0459284959 0.0699749891 0.0029601603
58560.4986550926 2.8749672521 0.0459968245 0.0707967138 0.0029993774
58560.4987596644 2.8276425161 0.0448447845 0.0739508199 0.0030545349
58560.4988641435 2.8124255172 0.04358207 0.0749945655 0.003010425
58560.4989688079 2.7541438343 0.042216222 0.079130237 0.0030768902
58560.4990732523 2.8326015506 0.0447017044 0.0736138242 0.0030309141
58560.4991778125 2.8183964075 0.0435834347 0.0745832728 0.0029940087
58560.4992823843 2.7828546863 0.0424793638 0.0770651673 0.0030152706
58560.4993870023 2.7807932547 0.0426925733 0.077211626 0.0030361638
58560.4994915278 2.8378140531 0.0434489246 0.0732612592 0.0029318623
58560.4995960764 2.8240830874 0.0435080431 0.0741936548 0.0029732161
58560.499700625 2.8265185028 0.0441079173 0.0740274175 0.0030074562
58560.4998051736 2.7842299995 0.0423950512 0.0769676098 0.0030054764
58560.4999097685 2.8530766329 0.0454965694 0.0722386044 0.0030271794
58560.5000143056 2.7919505648 0.0427284211 0.0764222419 0.0030076464
58560.500118912 2.8374509287 0.0440808445 0.0732857655 0.0029754982
58560.5002234722 2.7469893957 0.0414445871 0.0796533859 0.0030406205
58560.500328044 2.8329294827 0.0436687534 0.0735915935 0.0029599826
58560.5004326505 2.7755805865 0.0427770192 0.0775832137 0.00305681
58560.5005371412 2.7855631539 0.0426726259 0.0768731608 0.0030214421
58560.5006417361 2.7998501331 0.0427588086 0.0758682291 0.0029879664
58560.5007463194 2.8453620638 0.0448567714 0.072753715 0.0030058918
58560.5008507986 2.7831551064 0.0424306032 0.0770438465 0.0030109762
58560.5009553588 2.7843811507 0.0421182634 0.0769568955 0.0029854387
58560.5010599074 2.822596633 0.0441397321 0.074295301 0.0030205164
58560.5011645139 2.7923741171 0.0432697966 0.076392435 0.0030445658
58560.5012690393 2.7925596758 0.0427359794 0.0763793802 0.0030064913
58560.5013736111 2.8072796509 0.043394434 0.0753508472 0.0030117043
58560.5014781597 2.7961095503 0.0432948655 0.0761300614 0.003035867
58560.5015827431 2.8046703676 0.0425834851 0.075532151 0.0029625331
58560.5016872801 2.7803564093 0.0428637421 0.0772426983 0.0030495635
58560.5017918287 2.8127572999 0.0430677573 0.0749716519 0.00297399
58560.5018965046 2.7829624062 0.0420964546 0.0770575217 0.0029877945
58560.5020010185 2.8221768394 0.0437809199 0.0743240324 0.0029971212
58560.5021055671 2.8064892963 0.0430513736 0.0754057183 0.0029900707
58560.5022101157 2.7626582008 0.0417932207 0.0785121228 0.0030222663
58560.5023146875 2.8310730539 0.0439270284 0.0737175305 0.0029825846
58560.5024192477 2.8289993735 0.0438844131 0.0738584604 0.0029853875
58560.5025238889 2.8416845405 0.0445437988 0.0730005587 0.0029950467
58560.5026283565 2.8289256399 0.0435296527 0.0738634764 0.0029614548
58560.5027328935 2.7770022839 0.0413729163 0.0774816903 0.0029526052
58560.5028374537 2.7709977535 0.0414280761 0.0779113803 0.0029729378
58560.5029420255 2.8081585751 0.0433230124 0.0752898739 0.0030043144
58560.5030465741 2.7953286435 0.0425726276 0.076184837 0.002987371
58560.5031511343 2.8598906446 0.0445479076 0.0717866591 0.0029455148
58560.5032556829 2.8428244959 0.0432655865 0.0729239529 0.0029060492
58560.5033602662 2.8425011803 0.0435824312 0.0729456717 0.0029282027
58560.503464838 2.7846666374 0.0419001918 0.0769366629 0.0029692005
58560.503569375 2.8157350974 0.043065419 0.0747663124 0.0029656835
58560.5036739583 2.7568596154 0.040875156 0.0789325537 0.0029717053
58560.5037785185 2.900288309 0.0462832015 0.0691647285 0.0029484803
58560.503883044 2.8079535458 0.0433203282 0.0753040929 0.0030046956
58560.5039876042 2.8160045005 0.0426360305 0.074747763 0.0029353854
58560.5040922106 2.8302968026 0.0434483321 0.073770254 0.0029521917
58560.5041967824 2.7887717845 0.0413544897 0.0766463161 0.0029194707
58560.5043013889 2.8053648476 0.0421327101 0.0754838531 0.0029292984
58560.5044058565 2.7772692265 0.0414980187 0.0774626427 0.0029608052
58560.5045104514 2.7950209749 0.0422279197 0.0762064288 0.0029640223
58560.5046150694 2.8495231622 0.0442658129 0.0724754191 0.0029549446
58560.5047196181 2.8171784406 0.042915112 0.0746669865 0.0029514065
58560.5048241088 2.861879842 0.0439486801 0.0716552579 0.0029005748
58560.5049287384 2.8347561863 0.04352467 0.073467883 0.0029452568
58560.5050332292 2.8182805689 0.0429771177 0.0745912306 0.0029526721
58560.5051377894 2.7907847015 0.04200953 0.0765043482 0.0029602208
58560.5052423958 2.751824324 0.0406325544 0.0792994674 0.0029677995
58560.5053470023 2.8523534521 0.0438067997 0.0722867366 0.0029166902
58560.5054514931 2.7485329412 0.0411217004 0.0795402265 0.0030126456
58560.5055560417 2.8007957378 0.0419838156 0.0758021816 0.0029312562
58560.5056606019 2.8481731476 0.043741486 0.0725655917 0.0029235763
58560.5057651968 2.8853828738 0.0455417455 0.0701207981 0.0029413499
58560.5058697569 2.8589769412 0.0439461695 0.0718470967 0.0029081742
58560.5059742593 2.934781239 0.0475031688 0.0670019596 0.0029315699
58560.506078831 2.9982154176 0.049221922 0.0631995277 0.0028652503
58560.5061834028 3.2631266433 0.0602642032 0.0495164319 0.0027485201
58560.5062879861 3.2964246044 0.06157533 0.0480208848 0.002723498
58560.506392581 3.3067282645 0.062406403 0.0475673212 0.0027341857
58560.5064970602 3.2844429714 0.0609642294 0.0485537538 0.0027263905
58560.5066016435 3.2552961226 0.0597497367 0.0498748441 0.0027447811
58560.5067062616 3.0268935438 0.0497847518 0.0615520586 0.0028224684
58560.5068108565 2.9662157685 0.047729823 0.0650899132 0.0028614995
58560.5069154167 2.8258424151 0.0427444986 0.0740735287 0.0029163082
58560.5070199074 2.8765286557 0.0449812192 0.0706949738 0.0029289363
58560.5071244444 2.8502126435 0.0438326484 0.0724294092 0.0029241713
58560.5072290394 2.7983300796 0.0421824643 0.0759745206 0.0029518214
58560.5073335532 2.7474662347 0.0405071678 0.0796184111 0.002970541
58560.5074381366 2.8546062096 0.0441396857 0.0721369068 0.0029327626
58560.5075426968 2.8597844016 0.0448799731 0.071793684 0.0029677615
58560.5076472569 2.8142386042 0.0439381168 0.0748694354 0.0030299549
58560.5077518171 2.8360534937 0.0453605022 0.0733801512 0.0030658198
58560.5078563657 2.8229296915 0.0442918497 0.0742725138 0.0030299963
58560.5079609259 2.7969704191 0.0429872048 0.0760697226 0.0030119045
58560.5080654861 2.8179413802 0.0445595977 0.0746145369 0.0030623503
58560.5081700463 2.7877884066 0.0428540875 0.076715768 0.003028078
58560.5082745949 2.8146070163 0.0440526599 0.074844035 0.0030368231
58560.5083791782 2.854489586 0.0444751792 0.0721446558 0.0029553712
58560.5084837847 2.8130838282 0.0434442823 0.074949108 0.0029990883
58560.5085884259 2.779669334 0.0416367381 0.0772915944 0.0029641428
58560.5086929167 2.8258028409 0.0439301643 0.0740762287 0.0029973113
58560.5087974306 2.8492456496 0.0439395788 0.072493946 0.0029339168
58560.5089019907 2.7785967931 0.0417397593 0.0773679844 0.0029744138
58560.5090066204 2.7698324709 0.0417089963 0.0779950448 0.0029963112
58560.509111169 2.7675541789 0.0417087157 0.0781588802 0.003002585
58560.5092157176 2.8603150568 0.0445963288 0.0717586033 0.002947564
58560.5093202315 2.837892764 0.0450075184 0.0732559483 0.0030368135
58560.5094247801 2.7697375605 0.041924939 0.078001863 0.0030120875
58560.5095293519 2.7368262081 0.0412429168 0.0804024933 0.0030542814
58560.5096338773 2.7654195956 0.0419469002 0.0783126936 0.0030256744
58560.5097384606 2.8290684005 0.0434344356 0.0738537649 0.0029545884
58560.5098430093 2.7794890695 0.0422260652 0.0773044282 0.0030065965
58560.5099476157 2.822145927 0.0428983387 0.0743261486 0.0029367858
58560.5100521412 2.7679888675 0.0406658173 0.0781275945 0.0029263355
58560.5101566898 2.81534796 0.0425289156 0.0747929763 0.0029297819
58560.5102612616 2.8741796952 0.0446063394 0.070848086 0.0029108168
58560.5103658218 2.8210687318 0.0428879335 0.0743999266 0.0029389878
58560.5104703935 2.8585110263 0.043600114 0.0718779346 0.0028865121
58560.5105749421 2.8100810914 0.0423865194 0.0751566759 0.0029341714
58560.5106795602 2.8166113342 0.0422850292 0.074705997 0.0029095931
58560.5107840972 2.7982460173 0.0425239117 0.0759804031 0.0029759454
58560.5108886458 2.7926892293 0.0420940498 0.0763702669 0.002960978
58560.5109931829 2.8313973454 0.0431387128 0.0736955156 0.0029281843
58560.5110977546 2.7576720825 0.0408438643 0.0788735098 0.0029672091
58560.5112023148 2.8004116269 0.0418643824 0.0758290036 0.0029239517
58560.5113069676 2.8628522604 0.0445839877 0.07159111 0.0029398703
58560.5114114699 2.7948693595 0.0424969497 0.0762170712 0.0029833223
58560.5115159954 2.8820449753 0.0444776088 0.0703367034 0.0028814667
58560.5116206019 2.8031474721 0.0425716393 0.0756381697 0.0029658661
58560.5117251273 2.8327012477 0.0433692959 0.073607065 0.0029403026
58560.5118296759 2.8583760603 0.0443014099 0.0718868702 0.0029333054
58560.5119343403 2.7973912523 0.0423301465 0.0760402435 0.0029647183
58560.5120387963 2.7963724256 0.0419193707 0.0761116312 0.0029387047
58560.5121433565 2.7840373924 0.0417223789 0.0769812649 0.002958314
58560.5122479167 2.8583721198 0.043798217 0.0718871311 0.0028999983
58560.5123524653 2.8286930207 0.0430040261 0.0738793034 0.0029263217
58560.5124570486 2.9037239832 0.0451384609 0.0689462114 0.0028664694
58560.5125615972 2.7645422625 0.0411146136 0.078376 0.0029680381
58560.5126661574 2.7862724369 0.0419848256 0.076822958 0.0029708009
58560.5127707755 2.7726021842 0.0412215143 0.0777963329 0.0029537466
58560.5128753241 2.8075269281 0.0423592874 0.0753336879 0.0029391925
58560.512979838 2.8268712323 0.0427690553 0.0740033717 0.0029152199
58560.5130844097 2.8152870338 0.0425282347 0.0747971735 0.0029298994
58560.5131890509 2.8001435411 0.0417494732 0.0758477293 0.0029166462
58560.5132936111 2.8702479565 0.0439169061 0.0711051108 0.0028762241
58560.5133981597 2.7909057091 0.0425687497 0.0764958221 0.0029992922
58560.5135026968 2.8029696493 0.0428038961 0.0756505588 0.0029825354
58560.5136072222 2.8692873504 0.0445999825 0.0711680489 0.0029235459
58560.5137117593 2.8235797861 0.0430052547 0.0742280558 0.0029402196
58560.5138163426 2.826557433 0.0433683506 0.0740247632 0.0029569235
58560.5139209375 2.8290739801 0.0437979422 0.0738533854 0.0029793003
58560.5140254861 2.8321213758 0.0435995935 0.0736463877 0.0029574952
58560.5141300116 2.8297839865 0.0442337722 0.0738051055 0.00300698
58560.5142345833 2.8102439839 0.0427578178 0.075145401 0.0029594302
58560.5143391551 2.8352984314 0.0431267 0.0734312003 0.0029168696
58560.5144436806 2.7734102178 0.0413366141 0.0777384564 0.0029597905
58560.5145482523 2.8063865013 0.0418326229 0.0754128579 0.0029056992
58560.5146528125 2.812079902 0.0417481527 0.0750184418 0.0028846655
58560.5147573727 2.7977134037 0.0429603987 0.0760176848 0.0030079673
58560.5148619907 2.8248974172 0.0429140885 0.0741380285 0.0029304282
58560.5149665741 2.8280872918 0.0435637672 0.0739205319 0.0029660651
58560.5150711111 2.8424801971 0.0436784813 0.0729470815 0.0029347128
58560.5151756366 2.8286224977 0.0437247376 0.0738841023 0.0029755577
58560.5152802778 2.8422527266 0.0441370574 0.0729623661 0.0029661455
58560.5153848148 2.8543585766 0.0451753981 0.0721533616 0.0030022629
58560.5154893403 2.7253137168 0.0412451486 0.0812595688 0.0030870065
58560.5155938889 2.8122866427 0.0441769238 0.0750041585 0.0030519048
58560.5156984375 2.8264352962 0.0437422152 0.0740330909 0.0029827497
58560.5158029977 2.7874479451 0.0416830237 0.0767398281 0.0029462541
58560.5159075347 2.8247877798 0.0430811576 0.0741455153 0.0029421338
58560.5160121643 2.8009972898 0.0426682729 0.0757881113 0.0029784911
58560.5161167245 2.8158500412 0.0435422165 0.0747583975 0.0029982005
58560.5162212269 2.7320599931 0.045072547 0.0807562238 0.0033525732
58560.5163258102 2.7809723483 0.0453158057 0.0771988908 0.0032221884
58560.5164303472 2.749522091 0.0437862322 0.0794677952 0.0032049326
58560.5165349074 2.7198004929 0.0426467904 0.0816732434 0.0032081622
58560.5166394907 2.772214612 0.0467314716 0.0778241086 0.0033497606
58560.5167440625 2.7108850437 0.0469561756 0.0823466588 0.0035614665
58560.5168485995 2.7558492354 0.048266735 0.0790060421 0.0035123549
58560.5169531713 2.7557791286 0.0473086566 0.0790111437 0.0034428581
58560.5170577431 2.7089442946 0.0436817749 0.0824939848 0.0033190418
58560.5171623495 2.7969168662 0.0447314395 0.0760734747 0.0031342692
58560.5172668634 2.7718269226 0.0440507075 0.0778519027 0.0031587284
58560.517371412 2.7943575924 0.0443973335 0.076253005 0.0031182003
58560.5174759954 2.7463851889 0.0457630375 0.079697725 0.0033593166
58560.5175805903 2.6892401049 0.0443836255 0.0840047721 0.0034341313
58560.5176851157 2.7211423202 0.0471007865 0.0815723684 0.0035388438
58560.5177896296 2.6908505391 0.0457330263 0.0838802632 0.0035332949
58560.5178941898 2.6780795072 0.0435849039 0.0848727349 0.0034071751
58560.5179987731 2.6482232958 0.0427713087 0.0872390006 0.0034367931
58560.5181033218 2.6572367565 0.0461377794 0.0865177661 0.0036766488
58560.5182078819 2.5681325524 0.0484478038 0.0939175985 0.004190938
58560.5183124421 2.6706408673 0.0518911064 0.085456215 0.0040843857
58560.5184170139 2.6449501428 0.0534843388 0.0875023956 0.0043105902
58560.5185215625 2.6955741995 0.0446018828 0.083516122 0.0034309444
58560.5186261574 2.7193409001 0.0442335132 0.0817078231 0.0033289344
58560.5187306944 2.71126943 0.0439450619 0.0823175106 0.0033319039
58560.5188352662 2.6772266451 0.0451878021 0.0849394299 0.0035352548
58560.518939838 2.6312837223 0.0497745701 0.0886107701 0.0040624141
58560.5190444329 2.6436628304 0.0584713798 0.087606205 0.0047181134
58560.5191490162 2.7003156164 0.0529125604 0.0831522018 0.0040524969
58560.5192535069 2.6136440118 0.0504268112 0.0900621676 0.0041830597
58560.519358125 2.5119191817 0.0479311492 0.0989082066 0.004366569
58560.5194627315 2.5096319403 0.0494621362 0.0991167889 0.0045155458
58560.5195671991 2.4032094677 0.0505862277 0.1093241761 0.0050937622
58560.5196717361 2.3392959868 0.0557180837 0.1159528974 0.0059506984
58560.5197762847 2.5114431204 0.0521744009 0.0989515843 0.0047552175
58560.5198808681 2.6815691277 0.0479609554 0.0846003868 0.0037372344
58560.5199854282 2.7124290913 0.0449169119 0.0822296352 0.0034019538
58560.5200899769 2.9074129296 0.0509288277 0.0687123542 0.0032232105
58560.520194537 2.7990300719 0.0489602115 0.0759255543 0.0034239027
58560.5202991088 2.6796176463 0.0607378682 0.0847525827 0.0047413569
58560.5204036921 2.6020840596 0.0689140577 0.0910261923 0.0057778247
58560.5205082407 2.6102650521 0.0627979523 0.09034289 0.0052255213
58560.5206128009 2.6583492334 0.0646114584 0.0864291629 0.005143515
58560.5207173727 2.3132746735 0.0657945665 0.1187654533 0.0071973119
58560.5208219444 2.4326378744 0.0589822754 0.1064007894 0.0057803819
58560.5209265278 2.4386531524 0.0716368822 0.1058129297 0.0069817706
58560.521031088 2.3663476839 0.073792045 0.1130995629 0.0076870664
58560.5211356366 2.3234208778 0.075479709 0.1176607599 0.008179976
58560.5212401968 2.3378130254 0.0623064647 0.1161113808 0.0066634334
58560.5213447917 2.5250465362 0.0532636822 0.0977195336 0.0047940519
58560.5214493634 2.4305704219 0.0516653121 0.1066035902 0.0050729555
58560.5215538657 2.4775677375 0.0595302473 0.1020875791 0.0055975857
58560.5216584028 2.3264522019 0.0692232448 0.1173327148 0.0074810272
58560.5217629745 2.1765413441 0.0873499286 0.1347049213 0.0108376764
58560.5218675116 2.3014166805 0.0837602855 0.120069673 0.0092632128
58560.5219721875 2.2354417242 0.0881301602 0.1275919604 0.0103570967
58560.5220766551 2.1153212201 0.1036196717 0.1425185883 0.0136020349
58560.5221812037 1.9691846229 0.1173145998 0.1630520077 0.0176184775
58560.5222857639 2.0123923386 0.1226689187 0.1566906437 0.0177038517
58560.5223903125 1.5960208184 0.1251682967 0.2299278999 0.0265079521
58560.5224948843 1.9458866289 0.1352685397 0.1665886269 0.0207554576
58560.522599456 2.1033526988 0.1272159175 0.144098321 0.0168845907
58560.5227040278 2.254876568 0.0738968685 0.1253283646 0.0085303248
58560.5228086227 2.4011471138 0.0785526624 0.1095320345 0.0079248714
58560.5229131366 2.3234346044 0.0789386171 0.1176592724 0.0085547207
58560.5230176736 2.1167431275 0.0989292128 0.1423320646 0.0129693277
58560.5231222454 2.1592583261 0.1823101204 0.136866345 0.022982518
58560.5232268519 2.088942142 0.1636486712 0.146023631 0.0220102912
58560.5233314236 2.0851599558 0.2710101009 0.1465331945 0.0365773011
58560.5234360185 1.8754862622 0.184304361 0.1777483161 0.0301738876
58560.5235405556 2.326150342 0.2300741375 0.1173653405 0.0248712623
58560.5236450926 2.1442322043 0.2058862578 0.1387736842 0.0263162886
58560.5237496181 1.9936160223 0.2799973966 0.1594239595 0.0411147588
58560.5238542708 3.2173586245 0.7840724981 0.0516483617 0.0372994934
58560.5239587384 2.0658816251 0.182243298 0.1491582743 0.0250373914
58560.5240632986 2.2624483565 0.1460863295 0.1244573809 0.016746359
58560.5241678819 2.2077232729 0.0910179234 0.1308912728 0.0109730605
58560.524272419 2.4996053534 0.1129711359 0.1000363549 0.010409156
58560.5243769792 2.5107965404 0.2397188646 0.0990105297 0.0218611879
58560.5244815625 1.9911346337 0.3170441948 0.1597887306 0.0466612226
58560.5245861806 2.1663312421 0.6155783559 0.1359776412 0.0770976262
58560.5246906597 1.4659407957 0.2269906576 0.2591932467 0.0541903339
58560.5247952315 2.1294303408 0.4390912368 0.1406785436 0.0568948289
58560.5248998148 1.9480542574 0.4397011673 0.1662563712 0.0673327074
58560.5250043866 1.9975284155 0.4361963603 0.1588505174 0.0638205927
58560.5251089583 1.8763642752 0.4364827725 0.1776046327 0.0714021944
58560.5252134491 1.8593552293 0.5300115375 0.1804088791 0.0880710946
58560.5253180556 2.5945629365 0.7069271193 0.0916589389 0.0596814863
58560.5254226389 2.1253111627 0.360900824 0.1412132781 0.0469411333
58560.5255272222 2.1666231069 0.329860394 0.1359410929 0.041302001
58560.5256317824 1.9075119476 0.1849354292 0.1725818901 0.0293971686
58560.5257362847 2.4669608479 0.548079687 0.1030897914 0.0520414669
58560.5258408565 2.6677902579 1.2421713731 0.0856808758 0.0980292264
58560.5259453935 1.4945209439 0.5818438137 0.2524594446 0.1352970121
58560.5260499306 0.789119152 0.493408981 0.4834508623 0.2197098622
58560.5261545023 1.2588589295 0.4542673236 0.3136580428 0.1312375423
58560.5262591204 2.2358588829 0.931595698 0.1275429468 0.1094394958
58560.5263636343 2.2032139338 1.1638346313 0.1314360281 0.1408950919
58560.526468206 5.3961854581 26.7620370789 0.0069426587 0.1711335451
58560.5265727662 1.2562303542 0.4641720866 0.3144183312 0.1344240701
58560.5266773148 2.1621479564 1.1754102633 0.1365025666 0.1477816319
58560.526781956 2.1420341155 0.5380271399 0.1390549182 0.068909754
58560.5268864468 3.071586302 1.311485058 0.0590697971 0.0713541091
58560.5269910069 2.0034383645 0.4637708094 0.1579882011 0.0674867053
58560.5270956713 1.6737091532 0.428355521 0.2140505454 0.084452181
58560.527200162 2.5953581564 1.8384097105 0.0915918302 0.1550919316
58560.5273046875 1.0458874253 0.7629446784 0.3816322166 0.2681811447
58560.5274092477 nan nan -0.1516064745 -0.1835398359
58560.527513831 1.9266463604 1.2473150257 0.1695670465 0.1948084416
58560.5276183681 1.7200722492 1.2662071201 0.2051025691 0.2392026649
58560.5277229167 nan nan -0.0597391512 -0.1783092452
58560.5278274884 1.4170729759 1.0170822213 0.271125777 0.2539902436
58560.527932037 nan nan -0.1342096489 -0.2847678937
58560.5280365972 1.5489498594 1.0846840466 0.2401154229 0.2398907328
58560.5281411806 2.16100806 2.2948808704 0.1366459537 0.2888331814
58560.5282457176 1.4642855752 0.6235264811 0.2595886919 0.1490839307
58560.5283502662 1.429902341 0.4528383463 0.267940932 0.1117564046
58560.5284548611 1.5453818265 0.4677644808 0.2409058074 0.1037921893
58560.5285594444 1.6177800993 0.809118517 0.2253657736 0.1679539657
58560.5286656597 3.7526613968 6.4594194067 0.0315453566 0.1876804722
58560.5287685764 2.6056321704 8.1576791192 0.0907292105 0.6817166677
58560.5288731944 0.0855840552 0.5562285 0.9242008804 0.473488873
58560.5289776505 nan nan -0.0468768376 -0.1886417833
58560.5290822685 1.0681347614 0.7096741088 0.3738919334 0.2443966331
58560.5291868056 1.8188790864 1.3440422626 0.1872614429 0.2318202942
58560.5292913426 nan nan -0.0773576174 -0.3579059145
58560.5293959606 0.4050073776 0.7853725614 0.6886476169 0.4981532125
58560.5295005324 1.4193345832 0.7560306746 0.2705616051 0.1884064409
58560.5296050347 2.1531826325 0.7208510407 0.1376343851 0.0913824166
58560.5297095833 1.7223670984 0.5647372981 0.2046695151 0.1064608169
58560.5298141319 2.1689129621 1.3351880224 0.1356546906 0.1668274091
58560.5299187037 0.7521273844 1.5765678677 0.5002061721 0.726359932
58560.5300232639 1.5013112826 1.0389082261 0.2508854567 0.2400727317
58560.5301278356 nan nan -0.0540337241 -0.2273036598
58560.5302323843 nan nan -1.2768576235 -1.3354243886
58560.5303369444 nan nan -0.4474361062 -0.7203231599
58560.5304415162 3.5862028099 10.4992013065 0.0367721376 0.3556029057
58560.5305460995 nan nan -0.3061696527 -0.2593723725
58560.5306506944 -0.1406608189 1.378294793 1.1383198983 1.4450956881
58560.5307551968 2.3374150729 2.572384539 0.1161539467 0.2752073469
58560.5308597917 1.2354311917 0.9810792472 0.3204996232 0.2896154823
58560.530964456 1.1780242256 0.660873575 0.3379016479 0.2056832182
58560.5310689236 nan nan -0.2177159999 -0.3622670717
58560.5311735532 nan nan -0.0201940474 -0.2535078768
58560.5312779861 nan nan -0.271267084 -0.4887969854
58560.5313825694 0.9187021113 1.6490236729 0.4290611135 0.6516827238
58560.5314871065 nan nan -0.2395179667 -0.4900124729
58560.5315917014 -0.3108767595 1.2436711044 1.3315292276 1.5252688818
58560.53169625 2.9976951734 5.8197854843 0.0632298178 0.3389370692
58560.5318008102 0.0482158358 0.8443139826 0.9565631925 0.7438884394
58560.5319053819 2.4087291493 2.7065618563 0.1087698026 0.2711542772
58560.5320099653 nan nan -0.1556939191 -0.350890972
58560.5321145139 0.8311725655 1.8597280986 0.4650835446 0.7966555551
58560.5322190741 nan nan -0.0654440336 -0.6427092401
58560.5323236343 nan nan -0.5308471998 -0.9421342884
58560.5324281829 2.4038507743 4.8526042523 0.1092596211 0.4883427302
58560.5325327778 nan nan -0.461711548 -0.351920134
58560.532637338 2.1811061256 6.5760670547 0.1341397677 0.8124823679
58560.5327418519 1.6202324394 1.8239103872 0.2248573169 0.3777467035
58560.5328464352 2.0587978934 2.6369622466 0.1501346178 0.3646489076
58560.5329510185 nan nan -0.408271732 -0.4971491993
58560.5330556019 0.5670088381 0.8608647029 0.593193611 0.4703504114
58560.5331601042 nan nan -0.6436916931 -0.7441969875
58560.5332646759 nan nan -0.3484275301 -0.4782248484
58560.5333692245 nan nan -0.1253227124 -0.6613443461
58560.5334737731 2.3882473733 2.8886702708 0.1108411571 0.2949097865
58560.5335783333 0.4268869409 0.9453429941 0.6749090063 0.5876581936
58560.5336828704 nan nan -0.3179405052 -0.3197849332
58560.5337874421 nan nan -0.196156921 -0.602202016
58560.5338920139 nan nan -0.3948141293 -0.8846723795
58560.5339965741 nan nan -0.2954441526 -0.3926635195
58560.5341011574 0.6414591935 1.7588967027 0.553880815 0.8973189088
58560.5342057292 1.3378542966 2.3857684636 0.2916475157 0.640880027
58560.5343102662 0.223777145 3.3408443919 0.8137465157 2.5040070769
58560.5344148611 nan nan -0.3072086756 -0.3466640335
58560.5345193866 nan nan -0.3929449878 -0.6251945438
58560.5346240162 nan nan -0.346624008 -0.3072786937
58560.5347285417 nan nan -0.4345028496 -0.434825084
58560.5348331366 nan nan -0.1601685712 -0.2426455339
58560.5349376968 nan nan -0.6770610785 -0.4546880821
58560.5350422106 0.6812110189 1.0017253203 0.5339684442 0.4926680582
58560.5351468056 nan nan -0.070183749 -0.318160776
