54958.178170 -179.138000 86.307000
54958.234560 -40.668400 58.034800
54958.312250 -226.246000 32.447500
54958.371890 23.855700 42.774100
54958.417960 -234.226000 42.232000
54958.464930 -61.608300 46.244600
54966.208120 51.517600 32.566700
54966.350490 4.856440 42.713900
54966.454530 -202.025000 51.483900
54968.232000 -59.330900 38.842400
54968.388670 -79.591400 54.342300
54972.316260 -127.036000 30.570900
55003.356230 -107.865000 43.404800
55003.436060 -123.025000 56.496600
55018.287500 -71.089200 54.077600
55018.362630 -86.526000 87.719300
55028.240510 -122.650000 24.089800
55028.346830 -81.195100 34.203100
55038.232960 135.028000 24.511100
55039.325190 -219.456000 78.252900
55052.174020 10.540700 29.412300
55056.328340 20.621000 79.296700
55058.198510 -224.811000 48.770100
55059.180440 9.257490 32.673700
55064.231770 2.318260 36.692800
55064.276260 -182.878000 50.770500
55084.174040 110.257000 30.112900
55084.217180 98.005200 66.832900
55279.531400 -267.623000 39.416600
55280.275810 -211.068000 130.297000
55290.445750 -19.257900 61.468800
55290.462720 -230.236000 56.115200
55295.492070 65.777400 30.916600
55295.493220 -84.957200 25.909500
55300.494990 1.903220 56.224900
55301.448540 35.357900 34.045000
55301.492860 87.429100 64.079300
55310.460470 107.515000 31.608500
55311.156970 167.241000 133.159000
55311.200280 98.638100 64.206500
55316.499510 100.075000 140.734000
55319.472140 28.149700 58.150000
55320.369390 52.985800 32.646200
55320.412670 57.018200 43.090100
55332.472560 13.401400 27.991100
55333.288590 83.022000 26.080300
55333.331460 -57.844400 97.762800
55338.282940 31.832500 113.223000
55338.327190 -278.311000 88.429400
55345.396920 -35.578300 97.899700
55345.440240 75.235500 189.350000
55350.394980 11.327400 43.236400
55350.437990 99.445700 34.804000
55355.191450 48.008000 40.169300
55355.248010 15.129900 30.595100
55355.303260 -45.287900 37.039400
55355.360230 2.047090 26.703700
55355.414280 -87.598100 45.992700
55355.468660 -28.712300 44.473300
55356.177230 -23.878400 26.108800
55361.400530 20.922600 35.001900
55361.444200 -51.041400 53.281300
55366.396000 -86.854800 41.400200
55366.440170 55.573100 47.120300
55371.396010 79.650200 92.596900
55371.440470 -160.480000 67.858500
55377.210090 16.661100 22.016900
55377.254110 -98.830900 39.524700
55382.273430 35.767300 29.669900
55382.316940 -19.031300 29.589300
55387.356020 -174.603000 37.194500
55394.274850 -294.790000 38.305000
55394.318660 22.321900 63.577600
55399.282310 -181.737000 49.228500
55399.329620 -219.341000 40.548200
55457.145810 39.517400 82.435800
55457.189430 79.046300 65.809700
55460.151080 34.939000 69.262000
55460.203540 81.787300 98.077300
55464.123320 84.578700 92.205100
55464.169540 -23.637400 92.381400
56017.412260 -24.143100 43.375700
56017.444130 67.369100 45.624700
56017.478180 68.881700 33.074300
56020.519240 -309.203000 65.790500
56023.506640 119.718000 194.839000
56026.156460 -241.554000 140.169000
56026.186020 20.766800 91.644100
56026.220450 -127.372000 82.804800
56034.371640 59.169700 27.691700
56034.430980 -6.047500 33.170900
56037.469950 76.165400 51.695100
56037.501320 -130.123000 54.926100
56038.159140 -37.376800 88.997000
56040.174390 -193.893000 54.280700
56040.213580 -143.684000 46.406800
56040.249480 74.712800 35.489700
56046.466010 92.490800 45.754100
56047.191030 77.194100 89.273700
56047.237160 -193.794000 81.376800
56047.279830 -135.611000 78.535200
56049.402700 12.441600 89.783600
56049.432350 26.696400 62.385100
56049.467500 6.492680 46.531700
56059.391220 -63.225300 30.741400
56059.421460 -268.443000 27.978200
56059.455460 -190.326000 52.334200
56061.421740 -58.427600 21.038500
56061.450750 35.590900 42.227200
56061.482650 108.709000 34.837400
56063.413840 56.822200 39.836800
56063.457990 -63.009400 44.248300
56063.487710 -65.348400 115.710000
56066.476520 172.819000 61.282400
56067.481240 -107.207000 78.933900
56068.190130 39.865000 36.318800
56068.268140 38.126200 41.948900
56068.297590 -83.724600 38.151700
56070.420470 -207.756000 60.776100
56070.454990 -159.622000 51.417200
56070.485160 142.324000 124.640000
56076.420290 72.469000 26.065800
56076.454030 -15.021400 44.514500
57583.234120 40.341400 57.806600
57584.165430 144.685000 97.770700
57584.203440 107.157000 67.399300
57585.167230 2.743600 119.193000
57585.200500 -169.438000 65.515000
57586.165910 68.357600 90.425400
57586.195840 -55.229500 116.676000
57592.181180 -123.100000 50.754700
57592.210130 -56.170100 47.957700
57593.187550 33.729300 57.957900
57595.172190 -181.010000 74.976600
57595.186380 -221.330000 50.674500
57596.194660 -309.902000 53.786900
57596.209190 -236.752000 49.639400
57597.163980 -224.851000 63.549400
57597.193760 -58.871200 51.498800
57598.160950 -53.021800 71.845900
57598.190620 25.267500 38.164600
57599.158300 11.302500 103.709000
57599.190500 -216.699000 46.748700
57600.209470 -10.738000 60.333000
57601.213880 76.102600 61.487300
57602.156170 73.214600 110.649000
57602.211910 32.872700 84.275200
57604.160360 -36.555300 139.719000
57605.163610 -60.494900 51.547600
57605.201570 -197.211000 55.362000
57606.153500 -98.576000 103.300000
57606.190780 -79.641900 43.287300
57607.160020 -279.744000 49.983200
57607.187470 39.332300 55.820500
57608.159760 -61.675500 61.116200
57608.192370 -272.822000 56.083700
57609.214200 -86.856000 60.709600
57610.149190 240.376000 160.873000
57610.173650 -41.778700 66.281400
57611.175450 -2.434620 69.929200
57614.144710 129.579000 126.364000
57614.174500 -113.649000 103.411000
57615.184190 131.837000 121.932000
57621.159620 -184.207000 82.354500
57621.173980 -206.478000 88.500500
57622.167630 -228.113000 85.055900
