2CXO_J001331.1+405137 3.37971 40.86036 0.71000 0.71000 69.90000
2CXO_J003758.8-020411 9.49525 -2.06974 1.70000 1.30000 77.20000
2CXO_J003813.4-020450 9.55604 -2.08058 1.89000 0.93000 93.90000
2CXO_J003814.2-020433 9.55925 -2.07586 1.87000 1.08000 98.10000
2CXO_J003820.5-020740 9.58550 -2.12799 0.71000 0.71000 84.20000
2CXO_J003820.7-020444 9.58629 -2.07913 1.63000 1.63000 0.00000
2CXO_J003820.7-020741 9.58646 -2.12829 0.76000 0.74000 31.20000
2CXO_J003821.1-020546 9.58821 -2.09626 1.13000 0.80000 115.50000
2CXO_J003822.8-020119 9.59542 -2.02212 2.82000 2.82000 0.00000
2CXO_J003828.2-020839 9.61758 -2.14427 1.01000 1.01000 0.00000
2CXO_J003828.7-020501 9.61975 -2.08367 1.35000 0.93000 127.30000
2CXO_J003829.4-020750 9.62254 -2.13071 1.22000 0.96000 161.60000
2CXO_J005741.9+302322 14.42462 30.38956 1.21000 1.21000 0.00000
2CXO_J005747.3+302338 14.44750 30.39414 0.89000 0.76000 98.70000
2CXO_J012702.0+330952 21.75850 33.16471 1.88000 1.14000 89.80000
2CXO_J012705.9+330919 21.77487 33.15544 4.83000 2.73000 75.30000
2CXO_J012711.5+331014 21.79808 33.17057 5.40000 3.68000 72.50000
2CXO_J014040.8-075848 25.17042 -7.98022 0.74000 0.72000 89.80000
2CXO_J022627.5-184815 36.61471 -18.80434 2.82000 1.90000 0.60000
2CXO_J022633.3-184730 36.63887 -18.79171 3.83000 2.77000 8.50000
2CXO_J023145.5+132258 37.93971 13.38293 0.97000 0.91000 88.60000
2CXO_J023145.8+132254 37.94125 13.38186 0.71000 0.71000 83.80000
2CXO_J034405.7+320028 56.02408 32.00792 0.74000 0.73000 134.50000
2CXO_J034407.5+320408 56.03154 32.06896 0.85000 0.84000 139.30000
2CXO_J034407.7+320504 56.03229 32.08457 1.14000 0.98000 125.20000
2CXO_J034408.5+320119 56.03562 32.02221 1.55000 1.19000 78.70000
2CXO_J034409.1+320237 56.03833 32.04377 0.78000 0.75000 149.10000
2CXO_J034411.2+315759 56.04683 31.96656 0.76000 0.73000 167.10000
2CXO_J034411.2+320612 56.04696 32.10337 0.72000 0.72000 105.90000
2CXO_J034411.2+320815 56.04671 32.13773 0.74000 0.73000 123.60000
2CXO_J034411.6+320312 56.04854 32.05355 1.09000 0.88000 24.00000
2CXO_J034412.5+320754 56.05217 32.13194 0.78000 0.74000 108.30000
2CXO_J034412.9+320135 56.05412 32.02651 0.81000 0.78000 146.50000
2CXO_J034412.9+320538 56.05392 32.09397 2.08000 1.43000 123.00000
2CXO_J034413.1+320500 56.05458 32.08340 0.81000 0.78000 32.00000
2CXO_J034413.8+315653 56.05787 31.94826 6.47000 3.50000 88.40000
2CXO_J034415.5+320921 56.06487 32.15599 0.92000 0.83000 158.10000
2CXO_J034416.2+320917 56.06767 32.15474 0.93000 0.82000 150.80000
2CXO_J034416.4+320012 56.06862 32.00337 1.48000 1.15000 134.40000
2CXO_J034416.4+320954 56.06846 32.16525 0.71000 0.71000 172.40000
2CXO_J034417.7+320447 56.07408 32.07988 0.75000 0.74000 140.60000
2CXO_J034418.1+320456 56.07575 32.08250 0.71000 0.71000 178.70000
2CXO_J034418.2+320732 56.07608 32.12573 0.88000 0.80000 132.40000
2CXO_J034418.7+320256 56.07812 32.04903 1.35000 1.06000 113.00000
2CXO_J034419.0+320735 56.07929 32.12656 0.77000 0.75000 162.80000
2CXO_J034419.1+320559 56.07983 32.09991 0.95000 0.83000 104.80000
2CXO_J034419.1+320931 56.07967 32.15862 0.73000 0.72000 126.70000
2CXO_J034419.2+320029 56.08008 32.00810 2.02000 1.20000 134.40000
2CXO_J034419.2+320734 56.08021 32.12624 0.71000 0.71000 134.40000
2CXO_J034419.3+315655 56.08071 31.94862 1.91000 1.21000 147.40000
2CXO_J034419.5+320225 56.08158 32.04034 1.09000 1.02000 175.20000
2CXO_J034419.6+320437 56.08171 32.07700 1.73000 1.41000 114.80000
2CXO_J034419.6+320730 56.08175 32.12527 0.72000 0.72000 136.60000
2CXO_J034419.7+315918 56.08246 31.98859 0.74000 0.74000 125.10000
2CXO_J034420.0+320645 56.08342 32.11263 0.71000 0.71000 171.90000
2CXO_J034420.2+320543 56.08450 32.09539 1.81000 1.81000 0.00000
2CXO_J034420.3+320158 56.08496 32.03294 0.74000 0.73000 124.40000
2CXO_J034420.5+315902 56.08562 31.98415 1.80000 1.40000 4.20000
2CXO_J034421.2+320502 56.08862 32.08399 0.71000 0.71000 126.00000
2CXO_J034421.3+315932 56.08917 31.99241 1.17000 0.86000 153.10000
2CXO_J034421.6+320624 56.09029 32.10686 0.71000 0.71000 100.90000
2CXO_J034422.1+320839 56.09237 32.14438 0.77000 0.76000 13.40000
2CXO_J034422.2+320542 56.09292 32.09516 0.72000 0.71000 145.10000
2CXO_J034422.5+315704 56.09392 31.95135 1.62000 1.62000 0.00000
2CXO_J034422.5+320127 56.09412 32.02437 2.22000 1.53000 143.90000
2CXO_J034422.5+320153 56.09417 32.03160 0.76000 0.73000 174.80000
2CXO_J034422.5+320632 56.09387 32.10889 1.07000 0.90000 113.10000
2CXO_J034422.6+320537 56.09446 32.09378 0.75000 0.74000 116.70000
2CXO_J034423.4+320153 56.09783 32.03165 1.70000 1.22000 118.40000
2CXO_J034423.6+320108 56.09854 32.01895 2.12000 1.67000 89.10000
2CXO_J034423.6+320646 56.09858 32.11286 0.71000 0.71000 97.30000
2CXO_J034424.5+320357 56.10242 32.06588 0.71000 0.71000 176.00000
2CXO_J034425.0+320345 56.10446 32.06262 1.10000 1.05000 126.80000
2CXO_J034425.5+320616 56.10650 32.10468 0.71000 0.71000 103.30000
2CXO_J034425.8+320422 56.10783 32.07297 0.82000 0.78000 109.90000
2CXO_J034425.9+320723 56.10796 32.12325 0.90000 0.86000 115.90000
2CXO_J034426.0+320430 56.10854 32.07510 0.71000 0.71000 169.90000
2CXO_J034426.1+320113 56.10904 32.02047 0.84000 0.82000 164.70000
2CXO_J034426.6+320358 56.11096 32.06612 0.72000 0.71000 119.80000
2CXO_J034427.0+320443 56.11262 32.07877 0.71000 0.71000 169.20000
2CXO_J034427.9+320519 56.11662 32.08868 1.05000 0.83000 109.40000
2CXO_J034428.7+320511 56.11988 32.08649 1.13000 0.93000 130.20000
2CXO_J034428.9+320137 56.12067 32.02704 1.28000 1.10000 121.30000
2CXO_J043257.2+052129 68.23842 5.35825 1.72000 1.72000 0.00000
2CXO_J043305.8+052150 68.27433 5.36397 0.75000 0.74000 155.60000
2CXO_J043306.5+052030 68.27725 5.34175 0.81000 0.74000 149.70000
CXO_J043307.9+052220X 68.28304 5.37248 1.28000 1.28000 0.00000
2CXO_J043308.3+052152 68.28500 5.36472 0.88000 0.79000 7.10000
2CXO_J043308.4+052202 68.28508 5.36732 0.85000 0.80000 121.30000
2CXO_J043309.5+052127 68.28979 5.35757 0.71000 0.71000 0.00000
2CXO_J043309.6+052126 68.29004 5.35735 0.71000 0.71000 0.00000
CXO_J043309.7+052126X 68.29062 5.35729 1.11000 1.11000 0.00000
2CXO_J043310.0+052146 68.29187 5.36286 0.74000 0.73000 62.10000
2CXO_J044243.7+361008 70.68229 36.16907 1.57000 0.97000 124.50000
2CXO_J044247.8+360837 70.69954 36.14372 0.81000 0.75000 140.40000
2CXO_J052109.8+163821 80.29121 16.63942 0.71000 0.71000 98.60000
2CXO_J052414.8-242203 81.06196 -24.36772 2.78000 2.14000 165.80000
2CXO_J052431.1-242137 81.12971 -24.36043 2.18000 1.50000 162.90000
2CXO_J061310.9+175107 93.29554 17.85214 3.24000 2.83000 97.60000
2CXO_J070858.1+484018 107.24225 48.67193 1.49000 1.49000 0.00000
2CXO_J071801.9+453801 109.50800 45.63369 0.90000 0.78000 49.40000
2CXO_J073726.1+653505 114.35900 65.58475 0.82000 0.78000 89.00000
2CXO_J081527.1+364051 123.86325 36.68099 1.63000 1.21000 29.90000
2CXO_J081538.3+364326 123.90962 36.72416 1.47000 1.16000 41.50000
2CXO_J081539.6+364128 123.91512 36.69120 4.32000 4.32000 0.00000
2CXO_J081540.9+364318 123.92067 36.72193 1.11000 1.08000 23.40000
2CXO_J081545.0+364116 123.93758 36.68803 2.90000 2.03000 15.20000
2CXO_J081602.5+491016 124.01067 49.17118 26.90000 14.93000 178.60000
2CXO_J083717.9+145725 129.32487 14.95711 0.88000 0.85000 121.30000
2CXO_J083718.6+145648 129.32775 14.94681 2.04000 1.61000 146.60000
2CXO_J083720.3+145830 129.33492 14.97503 0.98000 0.95000 150.40000
2CXO_J083724.7+145820 129.35304 14.97231 0.71000 0.71000 0.00000
2CXO_J090952.2+425633 137.46758 42.94256 2.20000 2.20000 0.00000
2CXO_J093241.1+530633 143.17150 53.10942 0.71000 0.71000 88.10000
2CXO_J094154.7+412344 145.47825 41.39567 1.35000 0.88000 156.30000
2CXO_J094155.1+412433 145.47971 41.40919 1.83000 1.83000 0.00000
2CXO_J094156.4+412549 145.48529 41.43050 1.44000 1.44000 0.00000
2CXO_J100325.6+020557 150.85688 2.09934 1.87000 1.26000 76.20000
2CXO_J100326.6+020455 150.86108 2.08214 0.79000 0.73000 79.30000
2CXO_J100328.0+020542 150.86671 2.09526 1.64000 1.34000 77.40000
2CXO_J103632.3+122932 159.13496 12.49224 7.42000 5.16000 96.50000
2CXO_J111111.0+354338 167.79625 35.72724 2.66000 1.68000 126.00000
2CXO_J111856.5+123511 169.73575 12.58643 0.78000 0.76000 80.00000
2CXO_J111857.3+123441 169.73879 12.57832 0.71000 0.71000 49.80000
2CXO_J112722.7+564802 171.84500 56.80081 1.52000 1.22000 62.20000
2CXO_J112724.4+565045 171.85175 56.84600 1.11000 0.90000 98.60000
2CXO_J112725.8+564621 171.85767 56.77268 2.21000 2.21000 0.00000
2CXO_J112728.7+564731 171.86979 56.79209 1.44000 1.12000 93.20000
2CXO_J112731.1+564625 171.87983 56.77384 1.59000 1.25000 87.40000
2CXO_J112732.2+564639 171.88446 56.77756 0.79000 0.77000 36.90000
2CXO_J113513.3+301525 173.80571 30.25704 0.95000 0.85000 6.50000
2CXO_J114858.0+592451 177.24200 59.41423 0.74000 0.73000 90.40000
2CXO_J114904.0+592600 177.26687 59.43349 0.83000 0.75000 136.00000
2CXO_J114904.1+592515 177.26721 59.42099 1.21000 1.10000 80.90000
2CXO_J122307.2+110038 185.78025 11.01071 0.71000 0.71000 177.70000
2CXO_J131726.1-015615 199.35908 -1.93772 1.74000 1.38000 44.30000
2CXO_J131730.9-015458 199.37875 -1.91631 3.31000 3.31000 0.00000
2CXO_J132038.9+331128 200.16217 33.19112 1.50000 1.02000 97.10000
2CXO_J132041.0+331156 200.17108 33.19910 1.15000 1.15000 0.00000
2CXO_J132041.6+331438 200.17358 33.24400 1.08000 0.97000 132.70000
2CXO_J132043.0+331215 200.17925 33.20421 0.86000 0.76000 95.40000
2CXO_J132043.9+331415 200.18333 33.23766 1.43000 1.24000 84.40000
2CXO_J132044.3+331317 200.18496 33.22166 5.51000 3.78000 96.10000
2CXO_J132048.8+331231 200.20337 33.20869 1.53000 1.26000 104.40000
2CXO_J132052.2+331341 200.21754 33.22811 5.32000 4.13000 3.90000
2CXO_J135405.5-020521 208.52317 -2.08940 21.24000 11.07000 49.70000
2CXO_J135406.8-020602 208.52871 -2.10068 1.70000 1.28000 32.10000
2CXO_J135422.2-021123 208.59258 -2.18981 1.45000 1.25000 21.40000
2CXO_J135423.3-021217 208.59742 -2.20480 1.50000 1.24000 68.40000
2CXO_J135432.1-021138 208.63383 -2.19403 2.98000 1.89000 54.10000
2CXO_J135705.4+192007 209.27287 19.33537 0.71000 0.71000 5.80000
2CXO_J142328.6+452344 215.86921 45.39572 4.96000 3.90000 170.80000
2CXO_J145907.6+714019 224.78175 71.67219 0.71000 0.71000 179.50000
2CXO_J151002.9+570243 227.51217 57.04540 0.71000 0.71000 0.00000
2CXO_J151004.7+570038 227.51992 57.01076 0.73000 0.72000 53.90000
2CXO_J151005.6+570252 227.52333 57.04782 0.90000 0.85000 127.70000
2CXO_J151013.3+570156 227.55567 57.03223 0.78000 0.74000 33.20000
2CXO_J151015.2+570342 227.56333 57.06176 0.75000 0.72000 6.40000
2CXO_J151844.1+020518 229.68387 2.08859 1.38000 1.01000 145.20000
2CXO_J153445.7+233312 233.69071 23.55349 2.04000 1.33000 152.10000
2CXO_J153447.2+233317 233.69692 23.55497 1.59000 0.92000 138.80000
2CXO_J153448.9+232940 233.70404 23.49464 0.72000 0.72000 98.20000
2CXO_J153449.1+233305 233.70492 23.55154 0.89000 0.80000 149.30000
2CXO_J153449.5+232939 233.70629 23.49419 0.86000 0.80000 92.60000
2CXO_J153451.0+233247 233.71275 23.54641 1.20000 0.93000 139.20000
2CXO_J153452.3+233248 233.71804 23.54676 0.77000 0.74000 149.50000
2CXO_J153454.3+233020 233.72654 23.50580 1.14000 0.81000 57.90000
2CXO_J153456.3+233246 233.73496 23.54617 1.01000 0.82000 156.20000
2CXO_J154018.4+660712 235.07683 66.12019 1.30000 1.04000 47.20000
2CXO_J154025.5+660838 235.10654 66.14405 0.79000 0.73000 53.70000
2CXO_J154033.6+660800 235.14004 66.13349 1.21000 0.84000 36.40000
2CXO_J155807.7-140622 239.53212 -14.10612 1.60000 1.60000 0.00000
2CXO_J162633.8+433302 246.64100 43.55064 2.71000 1.57000 91.00000
2CXO_J162634.5+433112 246.64396 43.52026 1.25000 1.03000 92.10000
2CXO_J162640.4+432934 246.66875 43.49299 0.99000 0.81000 86.80000
2CXO_J162640.8+433153 246.67000 43.53149 3.37000 3.37000 0.00000
2CXO_J162650.2+433402 246.70921 43.56731 3.15000 2.09000 113.10000
2CXO_J162654.7+432735 246.72821 43.45999 0.90000 0.84000 92.60000
2CXO_J162700.1+432947 246.75075 43.49659 0.99000 0.90000 148.00000
2CXO_J162700.6+432806 246.75271 43.46837 0.72000 0.72000 76.10000
2CXO_J162702.5+432834 246.76058 43.47617 0.80000 0.78000 80.30000
2CXO_J162703.4+432831 246.76446 43.47550 0.78000 0.78000 76.20000
2CXO_J162703.4+433253 246.76433 43.54824 2.75000 2.75000 0.00000
2CXO_J162707.0+432629 246.77958 43.44165 0.83000 0.79000 159.60000
2CXO_J162708.1+433004 246.78392 43.50135 1.04000 0.86000 140.30000
2CXO_J162708.4+433132 246.78508 43.52577 1.25000 0.93000 122.40000
2CXO_J162714.8+433428 246.81175 43.57447 3.13000 1.89000 105.10000
2CXO_J162715.0+433235 246.81271 43.54308 2.63000 1.76000 95.20000
2CXO_J162716.1+432832 246.81746 43.47581 1.68000 1.68000 0.00000
2CXO_J162718.4+433459 246.82696 43.58314 4.42000 3.37000 164.60000
2CXO_J162718.5+433422 246.82746 43.57294 6.20000 6.20000 0.00000
2CXO_J162722.2+432832 246.84287 43.47574 1.55000 1.08000 143.50000
2CXO_J162725.2+432859 246.85529 43.48324 1.38000 0.99000 145.30000
2CXO_J162727.9+433008 246.86642 43.50226 2.43000 1.83000 166.40000
2CXO_J162729.0+432919 246.87104 43.48869 2.43000 2.43000 0.00000
2CXO_J162732.0+433054 246.88367 43.51512 4.50000 4.50000 0.00000
2CXO_J163748.6+300332 249.45279 30.05899 8.32000 7.39000 93.10000
2CXO_J164713.5-015256 251.80638 -1.88240 1.46000 1.46000 0.00000
2CXO_J164714.4-015346 251.81042 -1.89634 1.08000 0.78000 144.50000
2CXO_J164718.9-015341 251.82913 -1.89496 2.05000 1.19000 156.10000
2CXO_J164721.4-015521 251.83921 -1.92261 0.82000 0.76000 167.30000
2CXO_J164721.5-015447 251.84000 -1.91311 1.69000 1.69000 0.00000
2CXO_J164721.5-015532 251.83996 -1.92566 1.12000 0.82000 179.60000
2CXO_J171411.2-292814 258.54708 -29.47079 0.97000 0.88000 75.70000
2CXO_J171411.8-292812 258.54946 -29.47026 1.37000 1.06000 83.70000
2CXO_J171414.4-292709 258.56008 -29.45256 1.11000 0.90000 126.70000
2CXO_J171417.3-292635 258.57233 -29.44316 0.85000 0.76000 91.50000
2CXO_J171417.3-292716 258.57225 -29.45448 0.82000 0.76000 77.60000
2CXO_J171418.2-293049 258.57621 -29.51376 0.81000 0.76000 55.00000
2CXO_J171418.4-293058 258.57704 -29.51614 1.09000 1.09000 0.00000
2CXO_J171419.2-292910 258.58008 -29.48632 1.60000 1.60000 0.00000
2CXO_J171420.9-292916 258.58733 -29.48790 0.72000 0.72000 76.40000
2CXO_J171421.4-292702 258.58942 -29.45070 1.17000 1.05000 82.50000
2CXO_J171422.7-292702 258.59463 -29.45082 1.04000 1.00000 78.50000
2CXO_J171422.8-293009 258.59525 -29.50276 0.77000 0.75000 51.80000
2CXO_J171423.2-292920 258.59696 -29.48896 1.37000 1.01000 95.70000
2CXO_J171646.2+430758 259.19279 43.13283 1.44000 1.04000 76.30000
2CXO_J171646.2+431117 259.19271 43.18810 0.87000 0.74000 89.60000
2CXO_J171647.5+430900 259.19796 43.15015 1.58000 1.12000 80.90000
2CXO_J171649.2+430800 259.20529 43.13337 1.21000 0.83000 81.70000
2CXO_J171652.2+431255 259.21762 43.21549 1.76000 1.07000 91.00000
2CXO_J171654.1+431201 259.22567 43.20041 0.85000 0.75000 97.80000
2CXO_J171659.2+430918 259.24687 43.15524 0.98000 0.87000 97.80000
2CXO_J172052.3-193830 260.21796 -19.64177 3.31000 3.08000 35.70000
2CXO_J172059.5-193704 260.24825 -19.61787 1.56000 1.56000 0.00000
2CXO_J173132.7-184948 262.88654 -18.83010 0.79000 0.76000 98.60000
2CXO_J173135.4-184938 262.89767 -18.82727 2.59000 2.59000 0.00000
2CXO_J173138.2-184846 262.90954 -18.81279 2.73000 2.18000 81.70000
2CXO_J173144.3-184926 262.93483 -18.82400 4.04000 4.04000 0.00000
2CXO_J173151.2-185154 262.96358 -18.86523 8.75000 7.90000 147.40000
2CXO_J173351.7-221537 263.46562 -22.26030 14.55000 14.55000 0.00000
2CXO_J173732.4-031156 264.38517 -3.19893 0.91000 0.76000 0.90000
2CXO_J173734.2-031356 264.39250 -3.23250 0.93000 0.93000 0.00000
2CXO_J173734.3-031441 264.39304 -3.24500 0.73000 0.73000 170.10000
2CXO_J173736.0-031448 264.40017 -3.24673 0.83000 0.80000 142.10000
2CXO_J173736.0-031506 264.40012 -3.25179 0.83000 0.83000 0.00000
2CXO_J173737.3-031351 264.40579 -3.23108 0.82000 0.81000 48.60000
2CXO_J173738.2-031441 264.40938 -3.24491 0.73000 0.73000 64.50000
2CXO_J173741.5-031319 264.42312 -3.22218 0.88000 0.81000 53.60000
2CXO_J174024.8+100547 265.10342 10.09645 2.70000 2.48000 25.70000
2CXO_J174030.3+100309 265.12662 10.05254 0.84000 0.75000 178.60000
2CXO_J174040.3+100702 265.16808 10.11734 1.79000 1.51000 170.70000
2CXO_J174220.7-283336 265.58637 -28.56020 1.09000 1.09000 0.00000
2CXO_J174231.2-283522 265.63008 -28.58950 1.14000 0.92000 17.40000
2CXO_J174231.4-283445 265.63112 -28.57929 1.23000 0.89000 38.30000
2CXO_J174234.5-283458 265.64379 -28.58281 2.33000 1.36000 17.00000
2CXO_J174235.7-283259 265.64892 -28.54978 1.57000 1.32000 7.10000
2CXO_J174237.8-283440 265.65767 -28.57797 7.34000 5.60000 76.60000
2CXO_J174825.0-290651 267.10446 -29.11427 0.96000 0.84000 22.00000
2CXO_J180011.7-240428 270.04883 -24.07460 0.88000 0.78000 67.30000
2CXO_J180012.0-240359 270.05029 -24.06647 1.05000 0.87000 78.20000
2CXO_J180012.7-240330 270.05296 -24.05856 1.25000 1.01000 47.60000
2CXO_J180012.8-240446 270.05337 -24.07959 1.95000 1.95000 0.00000
2CXO_J180013.9-240307 270.05817 -24.05217 1.11000 0.92000 69.00000
2CXO_J180015.0-240452 270.06258 -24.08123 1.27000 1.12000 85.70000
2CXO_J180018.0-240422 270.07533 -24.07282 0.87000 0.78000 47.90000
2CXO_J180018.3-240352 270.07633 -24.06468 0.92000 0.84000 51.40000
2CXO_J180116.4-245142 270.31862 -24.86173 2.02000 1.20000 90.20000
2CXO_J180117.2-245151 270.32179 -24.86439 0.83000 0.74000 83.10000
2CXO_J180215.5-265314 270.56492 -26.88745 4.71000 4.71000 0.00000
2CXO_J181410.6-171115 273.54421 -17.18751 1.31000 0.92000 70.90000
2CXO_J181815.8-134122 274.56592 -13.68955 4.78000 2.96000 99.30000
2CXO_J181816.1-133951 274.56729 -13.66441 3.20000 2.33000 98.80000
2CXO_J181829.1-165619 274.62146 -16.93887 1.05000 0.85000 9.20000
2CXO_J181829.6-165632 274.62337 -16.94238 1.12000 0.96000 8.90000
2CXO_J181830.8-165612 274.62867 -16.93694 1.36000 0.99000 5.40000
2CXO_J181831.2-165554 274.63021 -16.93178 0.76000 0.75000 73.50000
2CXO_J181831.8-165655 274.63271 -16.94873 1.07000 0.92000 11.20000
2CXO_J181832.3-165557 274.63492 -16.93259 1.09000 0.90000 11.40000
2CXO_J181832.9-165659 274.63729 -16.94993 1.20000 1.05000 15.80000
2CXO_J181836.3-165721 274.65142 -16.95603 0.99000 0.93000 51.80000
2CXO_J181839.8-165603 274.66621 -16.93438 1.96000 1.21000 4.70000
2CXO_J182019.6-160931 275.08204 -16.15865 0.85000 0.79000 97.10000
2CXO_J182019.7-160909 275.08212 -16.15261 0.86000 0.80000 105.50000
2CXO_J182019.9-160903 275.08329 -16.15088 0.72000 0.71000 176.50000
2CXO_J182020.2-160857 275.08421 -16.14938 0.73000 0.71000 94.80000
2CXO_J182020.3-160905 275.08479 -16.15166 0.89000 0.81000 112.20000
2CXO_J182020.3-160939 275.08462 -16.16094 0.97000 0.83000 104.50000
2CXO_J182020.5-160853 275.08575 -16.14832 1.06000 0.87000 2.70000
2CXO_J182020.5-160907 275.08579 -16.15197 0.89000 0.78000 113.60000
2CXO_J182020.5-160949 275.08550 -16.16380 0.79000 0.76000 65.70000
2CXO_J182020.8-160925 275.08675 -16.15718 0.71000 0.71000 102.70000
2CXO_J182020.8-160935 275.08671 -16.15979 0.89000 0.76000 114.30000
2CXO_J182021.0-160936 275.08754 -16.16001 0.73000 0.72000 87.40000
2CXO_J182021.2-160944 275.08858 -16.16232 0.74000 0.73000 113.60000
2CXO_J182021.3-160930 275.08875 -16.15837 0.78000 0.75000 78.00000
2CXO_J182021.4-160859 275.08929 -16.14993 0.72000 0.72000 165.20000
2CXO_J182021.4-160907 275.08925 -16.15214 0.75000 0.72000 97.00000
2CXO_J182021.4-160933 275.08933 -16.15933 0.74000 0.73000 138.70000
2CXO_J182021.4-160939 275.08929 -16.16087 0.72000 0.72000 112.90000
2CXO_J182021.6-160924 275.09008 -16.15684 0.71000 0.71000 102.20000
2CXO_J182021.6-161005 275.09037 -16.16815 0.74000 0.73000 74.50000
2CXO_J182021.7-160831 275.09075 -16.14197 0.73000 0.72000 162.10000
2CXO_J182021.8-160849 275.09092 -16.14696 0.86000 0.78000 99.60000
2CXO_J182021.9-160837 275.09154 -16.14386 0.78000 0.74000 128.40000
2CXO_J182021.9-160915 275.09133 -16.15422 0.71000 0.71000 99.10000
2CXO_J182021.9-160952 275.09158 -16.16464 0.71000 0.71000 0.00000
2CXO_J182022.0-160842 275.09183 -16.14517 0.75000 0.74000 117.20000
2CXO_J182022.0-160928 275.09171 -16.15785 0.72000 0.72000 99.20000
2CXO_J182022.0-160933 275.09175 -16.15942 0.81000 0.75000 106.70000
2CXO_J182022.1-160817 275.09208 -16.13806 0.87000 0.77000 106.50000
2CXO_J182022.1-160926 275.09225 -16.15737 0.74000 0.73000 99.80000
2CXO_J182022.3-160815 275.09304 -16.13769 0.81000 0.76000 107.40000
2CXO_J182022.3-160909 275.09300 -16.15265 0.89000 0.83000 145.70000
2CXO_J182022.4-160827 275.09337 -16.14095 0.73000 0.72000 1.30000
2CXO_J182022.4-160830 275.09342 -16.14179 0.74000 0.73000 119.30000
2CXO_J182022.4-160951 275.09362 -16.16429 0.71000 0.71000 92.50000
2CXO_J182022.5-160833 275.09392 -16.14252 0.76000 0.76000 0.00000
2CXO_J182022.5-160925 275.09383 -16.15697 0.82000 0.77000 119.60000
2CXO_J182022.5-160941 275.09396 -16.16144 0.76000 0.75000 89.90000
2CXO_J182022.5-160957 275.09375 -16.16597 0.71000 0.71000 87.90000
2CXO_J182022.6-160823 275.09433 -16.13999 0.83000 0.78000 121.40000
2CXO_J182022.6-160833 275.09458 -16.14278 0.72000 0.72000 110.90000
2CXO_J182022.6-160837 275.09425 -16.14370 0.84000 0.77000 4.10000
2CXO_J182022.6-160859 275.09429 -16.14986 0.75000 0.72000 99.10000
2CXO_J182022.6-160959 275.09458 -16.16665 0.76000 0.73000 90.10000
2CXO_J182022.7-160951 275.09467 -16.16430 0.74000 0.73000 110.20000
2CXO_J182022.7-161011 275.09475 -16.16992 0.81000 0.78000 134.10000
2CXO_J182022.8-160814 275.09521 -16.13749 0.90000 0.83000 98.00000
2CXO_J182022.8-160821 275.09521 -16.13937 0.76000 0.73000 116.90000
2CXO_J182022.8-161003 275.09521 -16.16753 0.76000 0.75000 99.10000
2CXO_J182022.9-160851 275.09550 -16.14757 0.73000 0.72000 2.30000
2CXO_J182022.9-160908 275.09558 -16.15242 0.83000 0.81000 66.00000
2CXO_J182022.9-160947 275.09579 -16.16315 0.74000 0.73000 113.20000
2CXO_J182023.0-161001 275.09612 -16.16696 0.81000 0.77000 111.10000
2CXO_J182023.1-160820 275.09646 -16.13889 0.77000 0.75000 105.10000
2CXO_J182023.1-160829 275.09633 -16.14150 0.74000 0.73000 131.60000
2CXO_J182023.1-160920 275.09633 -16.15571 0.73000 0.72000 122.30000
2CXO_J182023.2-160941 275.09671 -16.16158 0.77000 0.75000 92.20000
2CXO_J182023.2-160943 275.09667 -16.16199 0.73000 0.73000 157.50000
2CXO_J182023.2-161000 275.09704 -16.16686 0.73000 0.72000 113.00000
2CXO_J182023.3-160825 275.09708 -16.14053 0.89000 0.81000 122.00000
2CXO_J182023.4-160943 275.09767 -16.16207 0.73000 0.72000 2.50000
2CXO_J182023.4-160953 275.09767 -16.16481 0.72000 0.71000 174.50000
2CXO_J182023.5-160838 275.09792 -16.14397 0.77000 0.74000 109.70000
2CXO_J182023.5-160901 275.09792 -16.15054 0.71000 0.71000 174.40000
2CXO_J182023.5-161000 275.09808 -16.16686 0.73000 0.72000 73.90000
2CXO_J182023.6-160935 275.09846 -16.15974 0.76000 0.73000 101.30000
2CXO_J182023.7-160931 275.09912 -16.15888 0.72000 0.71000 94.70000
2CXO_J182023.7-160955 275.09883 -16.16549 0.73000 0.72000 92.10000
2CXO_J182023.7-161008 275.09900 -16.16900 0.86000 0.76000 107.50000
2CXO_J182023.7-161012 275.09879 -16.17002 0.95000 0.81000 144.80000
2CXO_J182023.8-160845 275.09937 -16.14583 0.90000 0.86000 176.80000
2CXO_J182023.9-160827 275.09992 -16.14107 0.81000 0.81000 0.00000
2CXO_J182023.9-160914 275.09979 -16.15403 0.82000 0.76000 102.00000
2CXO_J182024.0-160818 275.10004 -16.13859 0.72000 0.72000 124.50000
2CXO_J182024.0-160918 275.10033 -16.15509 0.72000 0.72000 18.90000
2CXO_J182024.0-160933 275.10000 -16.15920 0.75000 0.73000 112.80000
2CXO_J182024.0-160945 275.10017 -16.16276 0.72000 0.72000 128.40000
2CXO_J182024.0-161016 275.10029 -16.17124 0.75000 0.75000 96.60000
2CXO_J182024.1-160840 275.10042 -16.14456 0.72000 0.71000 97.00000
2CXO_J182024.1-160920 275.10042 -16.15568 0.74000 0.73000 120.10000
2CXO_J182024.2-160857 275.10117 -16.14923 0.76000 0.74000 107.40000
2CXO_J182024.2-160908 275.10104 -16.15232 0.74000 0.73000 95.90000
2CXO_J182024.2-160912 275.10092 -16.15345 0.75000 0.73000 117.40000
2CXO_J182024.2-160931 275.10125 -16.15865 0.91000 0.77000 103.00000
2CXO_J182024.2-161001 275.10092 -16.16701 0.73000 0.72000 102.00000
2CXO_J182024.3-160822 275.10133 -16.13958 0.85000 0.80000 159.60000
2CXO_J182024.3-160843 275.10158 -16.14537 0.73000 0.72000 147.90000
2CXO_J182024.3-160850 275.10146 -16.14737 0.72000 0.71000 99.20000
2CXO_J182024.3-160910 275.10129 -16.15293 0.71000 0.71000 114.60000
2CXO_J182024.3-161006 275.10150 -16.16846 0.73000 0.73000 102.80000
2CXO_J182024.4-160854 275.10175 -16.14838 0.73000 0.72000 106.80000
2CXO_J182024.4-160912 275.10187 -16.15360 0.72000 0.71000 107.00000
2CXO_J182024.4-160940 275.10192 -16.16136 0.76000 0.75000 62.30000
2CXO_J182024.4-160945 275.10179 -16.16250 0.75000 0.74000 104.20000
2CXO_J182024.5-160934 275.10233 -16.15969 0.75000 0.74000 144.00000
2CXO_J182024.6-160819 275.10271 -16.13877 0.94000 0.83000 116.40000
2CXO_J182024.6-160849 275.10275 -16.14698 0.73000 0.72000 102.20000
2CXO_J182024.6-161010 275.10287 -16.16954 0.74000 0.73000 150.70000
2CXO_J182024.7-160906 275.10304 -16.15190 0.78000 0.76000 64.30000
2CXO_J182024.8-160924 275.10337 -16.15694 0.78000 0.75000 106.60000
2CXO_J182024.9-160828 275.10387 -16.14125 0.72000 0.71000 109.20000
2CXO_J182024.9-161006 275.10379 -16.16846 0.80000 0.77000 108.70000
2CXO_J182025.0-160949 275.10437 -16.16369 0.73000 0.73000 132.70000
2CXO_J182025.0-161013 275.10425 -16.17038 0.79000 0.78000 149.20000
2CXO_J182025.1-160807 275.10462 -16.13532 0.75000 0.74000 121.90000
2CXO_J182025.2-160805 275.10504 -16.13494 0.80000 0.80000 0.00000
2CXO_J182025.2-160818 275.10512 -16.13841 0.99000 0.94000 30.60000
2CXO_J182025.2-160924 275.10517 -16.15693 0.75000 0.75000 0.00000
2CXO_J182025.3-160851 275.10583 -16.14761 0.80000 0.75000 112.90000
2CXO_J182025.3-160854 275.10554 -16.14840 0.76000 0.75000 59.40000
2CXO_J182025.3-160939 275.10546 -16.16098 0.72000 0.72000 111.80000
2CXO_J182025.4-160943 275.10596 -16.16201 0.73000 0.73000 0.00000
2CXO_J182025.5-160828 275.10658 -16.14129 0.73000 0.72000 131.60000
2CXO_J182025.5-160931 275.10650 -16.15867 0.73000 0.72000 134.00000
2CXO_J182025.5-161004 275.10637 -16.16796 0.71000 0.71000 97.80000
2CXO_J182025.6-160907 275.10692 -16.15218 0.75000 0.74000 170.00000
2CXO_J182025.7-160918 275.10746 -16.15509 0.75000 0.74000 117.00000
2CXO_J182025.7-160946 275.10729 -16.16292 0.81000 0.77000 122.60000
2CXO_J182025.8-160832 275.10775 -16.14231 0.71000 0.71000 103.00000
2CXO_J182025.8-160923 275.10779 -16.15640 0.72000 0.72000 0.00000
2CXO_J182025.9-160816 275.10804 -16.13795 0.80000 0.74000 120.10000
2CXO_J182025.9-160938 275.10812 -16.16059 0.73000 0.72000 115.30000
2CXO_J182025.9-160945 275.10817 -16.16261 0.80000 0.75000 128.10000
2CXO_J182025.9-160949 275.10800 -16.16367 0.73000 0.72000 154.50000
2CXO_J182025.9-160952 275.10829 -16.16465 0.74000 0.73000 98.80000
2CXO_J182026.0-160901 275.10837 -16.15048 0.80000 0.75000 126.00000
2CXO_J182026.0-160934 275.10846 -16.15952 0.73000 0.73000 124.60000
2CXO_J182026.0-160939 275.10867 -16.16106 0.73000 0.73000 101.10000
2CXO_J182026.0-160950 275.10846 -16.16406 0.72000 0.72000 114.10000
2CXO_J182026.1-160811 275.10917 -16.13644 0.74000 0.72000 106.90000
2CXO_J182026.1-160903 275.10883 -16.15105 0.73000 0.72000 108.80000
2CXO_J182026.1-160942 275.10908 -16.16172 0.73000 0.72000 89.40000
2CXO_J182026.1-160957 275.10887 -16.16599 0.78000 0.77000 23.00000
2CXO_J182026.2-160921 275.10925 -16.15602 0.78000 0.74000 104.50000
2CXO_J182026.2-160958 275.10942 -16.16623 0.75000 0.74000 97.70000
2CXO_J182026.3-160902 275.10971 -16.15070 0.78000 0.76000 19.70000
2CXO_J182026.3-160933 275.10983 -16.15940 0.72000 0.71000 171.20000
2CXO_J182026.3-161006 275.10975 -16.16854 0.74000 0.73000 119.00000
2CXO_J182026.4-160830 275.11012 -16.14176 0.73000 0.72000 113.80000
2CXO_J182026.5-160834 275.11062 -16.14293 0.72000 0.71000 137.30000
2CXO_J182026.5-160844 275.11046 -16.14570 0.73000 0.72000 131.10000
2CXO_J182026.6-160822 275.11096 -16.13968 0.72000 0.72000 154.00000
2CXO_J182026.6-160849 275.11104 -16.14695 0.72000 0.71000 148.50000
2CXO_J182026.6-160953 275.11083 -16.16486 0.73000 0.72000 96.20000
2CXO_J182026.7-160907 275.11167 -16.15206 0.79000 0.74000 108.70000
2CXO_J182026.8-160931 275.11179 -16.15872 0.75000 0.73000 119.40000
2CXO_J182026.8-160954 275.11192 -16.16525 0.74000 0.74000 72.00000
2CXO_J182026.9-160816 275.11212 -16.13799 0.74000 0.73000 109.80000
2CXO_J182026.9-160905 275.11233 -16.15154 0.72000 0.71000 119.70000
2CXO_J182027.0-160942 275.11250 -16.16176 0.72000 0.72000 136.90000
2CXO_J182027.1-160837 275.11296 -16.14383 0.84000 0.81000 128.60000
2CXO_J182027.1-160840 275.11308 -16.14459 0.78000 0.78000 123.80000
2CXO_J182027.1-160856 275.11292 -16.14904 0.76000 0.75000 135.20000
2CXO_J182027.1-160947 275.11292 -16.16311 0.74000 0.73000 113.10000
2CXO_J182027.3-160843 275.11408 -16.14551 0.91000 0.81000 58.90000
2CXO_J182027.3-160933 275.11387 -16.15932 0.72000 0.72000 104.40000
2CXO_J182027.4-160929 275.11458 -16.15817 0.72000 0.72000 155.70000
2CXO_J182027.4-160954 275.11442 -16.16504 0.74000 0.73000 104.90000
2CXO_J182027.5-160829 275.11467 -16.14163 0.76000 0.74000 116.40000
2CXO_J182027.5-160944 275.11500 -16.16228 0.75000 0.73000 118.90000
2CXO_J182027.6-160815 275.11521 -16.13756 0.75000 0.73000 137.00000
2CXO_J182027.6-160849 275.11537 -16.14703 0.76000 0.74000 96.20000
2CXO_J182027.6-160933 275.11517 -16.15918 0.84000 0.80000 113.30000
2CXO_J182027.7-160903 275.11554 -16.15104 0.75000 0.74000 149.80000
2CXO_J182027.7-160949 275.11550 -16.16386 0.73000 0.72000 82.40000
2CXO_J182027.7-160953 275.11546 -16.16491 0.73000 0.72000 125.70000
2CXO_J182027.8-160834 275.11608 -16.14294 0.73000 0.72000 150.80000
2CXO_J182027.8-160857 275.11583 -16.14935 0.72000 0.71000 99.90000
2CXO_J182027.8-160936 275.11587 -16.16023 0.75000 0.74000 129.10000
2CXO_J182027.8-160939 275.11612 -16.16088 0.75000 0.75000 124.00000
2CXO_J182027.8-160952 275.11608 -16.16462 0.72000 0.72000 106.90000
2CXO_J182027.8-160955 275.11608 -16.16542 0.71000 0.71000 104.40000
2CXO_J182028.0-160854 275.11679 -16.14836 0.74000 0.73000 130.10000
2CXO_J182028.0-160936 275.11687 -16.16026 0.72000 0.72000 166.10000
2CXO_J182028.1-160842 275.11712 -16.14505 0.73000 0.73000 65.90000
2CXO_J182028.2-160945 275.11750 -16.16257 0.72000 0.71000 91.60000
2CXO_J182028.3-160928 275.11821 -16.15802 0.71000 0.71000 97.70000
2CXO_J182028.4-160832 275.11837 -16.14226 0.82000 0.78000 122.40000
2CXO_J182028.5-160921 275.11908 -16.15585 0.77000 0.74000 174.40000
2CXO_J182028.6-160849 275.11921 -16.14710 0.84000 0.78000 123.70000
2CXO_J182028.6-160926 275.11950 -16.15723 0.72000 0.71000 131.40000
2CXO_J182028.8-160848 275.12029 -16.14689 0.83000 0.80000 46.90000
2CXO_J182029.0-160828 275.12117 -16.14115 0.91000 0.77000 143.60000
2CXO_J182029.0-160831 275.12100 -16.14209 0.73000 0.72000 155.50000
2CXO_J182029.1-160909 275.12158 -16.15270 0.86000 0.81000 114.00000
2CXO_J182029.2-160852 275.12200 -16.14800 0.80000 0.76000 80.30000
2CXO_J182029.2-160910 275.12200 -16.15296 0.76000 0.75000 52.10000
2CXO_J182029.3-160919 275.12237 -16.15531 0.74000 0.73000 82.90000
2CXO_J182029.6-160901 275.12367 -16.15054 0.72000 0.71000 115.70000
2CXO_J182029.6-160918 275.12346 -16.15526 0.78000 0.77000 104.20000
2CXO_J182029.6-160924 275.12354 -16.15683 0.74000 0.73000 99.90000
2CXO_J182029.8-160902 275.12442 -16.15062 0.74000 0.73000 58.10000
2CXO_J182029.8-160911 275.12446 -16.15308 0.73000 0.72000 81.10000
2CXO_J182029.9-160916 275.12479 -16.15451 0.77000 0.74000 167.50000
2CXO_J184646.7-024756 281.69492 -2.79901 5.09000 2.99000 123.80000
2CXO_J184838.6-020145 282.16092 -2.02926 1.22000 0.91000 10.50000
2CXO_J184840.3-020312 282.16833 -2.05360 1.50000 1.14000 20.00000
2CXO_J190358.6+053105 285.99429 5.51825 0.82000 0.78000 178.70000
2CXO_J191013.0+090425 287.55421 9.07380 0.94000 0.83000 63.20000
2CXO_J191758.1+121629 289.49242 12.27494 1.95000 1.38000 87.50000
2CXO_J191802.6+121325 289.51108 12.22366 1.47000 0.95000 90.10000
2CXO_J191804.4+121425 289.51854 12.24037 2.42000 1.59000 112.90000
2CXO_J191806.6+121621 289.52758 12.27267 3.29000 2.05000 102.50000
2CXO_J191810.4+121803 289.54367 12.30097 2.96000 2.40000 103.10000
2CXO_J191821.6+121410 289.59004 12.23619 1.28000 1.27000 99.10000
2CXO_J193938.5+213459 294.91067 21.58316 0.71000 0.71000 82.90000
2CXO_J193939.3+213506 294.91404 21.58504 0.76000 0.75000 176.00000
2CXO_J194606.7+243735 296.52817 24.62658 1.78000 1.78000 0.00000
2CXO_J194613.6+243551 296.55692 24.59763 1.35000 1.04000 174.90000
2CXO_J194737.2+274351 296.90521 27.73111 2.23000 1.63000 24.50000
2CXO_J194741.0+274314 296.92108 27.72056 2.43000 1.48000 25.00000
2CXO_J194743.2+274333 296.93042 27.72602 1.75000 1.75000 0.00000
2CXO_J194744.5+274220 296.93562 27.70577 0.84000 0.77000 19.00000
2CXO_J194744.7+274413 296.93654 27.73703 1.22000 0.93000 27.50000
2CXO_J194747.7+274527 296.94879 27.75754 1.50000 1.06000 29.50000
2CXO_J195327.9+184704 298.36654 18.78455 2.09000 1.34000 60.40000
2CXO_J195328.6+184657 298.36921 18.78276 0.97000 0.77000 54.40000
2CXO_J195329.0+184602 298.37108 18.76749 2.27000 1.39000 46.20000
2CXO_J195329.1+184713 298.37137 18.78711 1.60000 1.37000 71.50000
2CXO_J195329.3+184617 298.37217 18.77146 1.11000 0.91000 52.00000
2CXO_J195329.4+184639 298.37258 18.77766 0.86000 0.75000 61.30000
2CXO_J195331.1+184738 298.37962 18.79412 1.21000 1.21000 0.00000
2CXO_J195331.8+184833 298.38271 18.80933 1.71000 1.39000 83.00000
2CXO_J195332.6+184558 298.38600 18.76611 1.31000 0.99000 69.60000
2CXO_J195337.5+184357 298.40637 18.73270 1.48000 1.48000 0.00000
2CXO_J195337.9+184454 298.40817 18.74844 1.19000 0.91000 43.60000
2CXO_J195338.3+184925 298.40967 18.82371 0.97000 0.76000 88.80000
2CXO_J195338.9+184546 298.41225 18.76291 0.73000 0.72000 44.80000
2CXO_J195339.9+184425 298.41646 18.74036 0.76000 0.74000 39.10000
2CXO_J195340.2+184747 298.41787 18.79641 0.77000 0.73000 70.40000
2CXO_J195341.3+184444 298.42250 18.74564 0.80000 0.74000 36.10000
2CXO_J195341.7+184913 298.42387 18.82054 1.45000 1.45000 0.00000
2CXO_J195342.6+184547 298.42762 18.76308 0.72000 0.72000 29.00000
2CXO_J195342.8+184900 298.42846 18.81688 0.99000 0.81000 97.70000
2CXO_J195343.6+184724 298.43183 18.79018 0.91000 0.79000 79.00000
2CXO_J195343.8+184426 298.43250 18.74074 0.85000 0.76000 15.40000
2CXO_J195343.8+184558 298.43271 18.76617 0.78000 0.76000 71.70000
2CXO_J195344.3+184610 298.43496 18.76948 0.71000 0.71000 79.00000
2CXO_J195344.5+184819 298.43558 18.80549 1.02000 0.97000 58.90000
2CXO_J195345.1+184625 298.43821 18.77365 0.79000 0.76000 56.60000
2CXO_J195346.4+184647 298.44354 18.77978 0.76000 0.74000 89.00000
2CXO_J195346.4+184704 298.44346 18.78469 0.73000 0.72000 79.60000
2CXO_J195346.6+184505 298.44446 18.75165 0.75000 0.73000 5.20000
2CXO_J195346.6+184635 298.44446 18.77663 0.78000 0.76000 174.80000
2CXO_J195346.9+184709 298.44550 18.78589 0.76000 0.75000 78.20000
2CXO_J195347.2+184806 298.44667 18.80170 1.02000 0.84000 102.70000
2CXO_J195347.4+184607 298.44762 18.76887 0.73000 0.72000 115.40000
2CXO_J195347.4+184759 298.44771 18.79988 1.10000 1.08000 39.40000
2CXO_J195347.9+184517 298.44958 18.75483 0.72000 0.72000 100.30000
2CXO_J195348.4+184716 298.45200 18.78786 0.76000 0.74000 92.50000
2CXO_J195348.8+184619 298.45350 18.77195 0.72000 0.72000 109.70000
2CXO_J195348.8+184633 298.45358 18.77610 0.72000 0.72000 135.70000
2CXO_J195348.9+184713 298.45400 18.78719 0.72000 0.71000 99.30000
2CXO_J195349.1+184919 298.45471 18.82221 1.30000 0.96000 120.30000
2CXO_J195349.3+184550 298.45575 18.76403 0.78000 0.75000 143.10000
2CXO_J195349.3+184800 298.45562 18.80015 1.11000 0.91000 127.40000
2CXO_J195349.4+184556 298.45604 18.76572 0.81000 0.75000 126.50000
2CXO_J195350.8+184751 298.46187 18.79764 0.76000 0.74000 93.90000
2CXO_J195350.9+184828 298.46225 18.80787 0.78000 0.74000 94.90000
2CXO_J195352.2+184758 298.46750 18.79953 1.12000 0.83000 107.30000
2CXO_J195352.7+184752 298.46975 18.79786 0.91000 0.77000 105.10000
2CXO_J205831.6+445147 314.63196 44.86307 3.13000 2.15000 92.80000
2CXO_J205835.6+445430 314.64871 44.90839 1.47000 1.47000 0.00000
2CXO_J205839.0+445312 314.66262 44.88686 1.08000 0.86000 98.40000
2CXO_J205839.5+445129 314.66467 44.85809 1.27000 1.01000 55.30000
2CXO_J205842.5+445529 314.67750 44.92482 1.77000 1.11000 114.20000
2CXO_J205843.5+445617 314.68142 44.93831 1.90000 1.21000 130.20000
2CXO_J205844.5+445538 314.68546 44.92736 1.52000 1.03000 118.00000
2CXO_J205844.9+445615 314.68742 44.93756 1.76000 0.96000 120.30000
2CXO_J205845.7+445651 314.69058 44.94767 1.55000 1.55000 0.00000
2CXO_J205846.7+445756 314.69479 44.96562 2.32000 1.16000 125.80000
2CXO_J205849.8+445727 314.70775 44.95760 1.29000 0.98000 125.70000
2CXO_J205850.6+445125 314.71100 44.85713 1.21000 0.89000 30.60000
2CXO_J205850.6+445243 314.71104 44.87871 0.77000 0.75000 78.80000
2CXO_J205855.8+445631 314.73254 44.94211 1.39000 1.01000 136.20000
2CXO_J212940.8+120637 322.42037 12.11037 0.74000 0.74000 108.00000
2CXO_J212943.2+120651 322.43021 12.11432 1.66000 1.16000 85.80000
2CXO_J212944.7+121111 322.43629 12.18650 0.83000 0.75000 100.70000
2CXO_J212946.4+120559 322.44354 12.09996 0.74000 0.72000 66.90000
2CXO_J212948.1+120634 322.45046 12.10957 1.11000 0.94000 52.20000
2CXO_J212949.2+121027 322.45533 12.17436 0.87000 0.75000 107.80000
2CXO_J212949.7+120842 322.45750 12.14505 0.75000 0.73000 93.30000
2CXO_J212950.6+120518 322.46083 12.08858 2.83000 1.66000 56.40000
2CXO_J212951.8+121016 322.46625 12.17138 0.75000 0.73000 102.60000
2CXO_J212952.2+120929 322.46771 12.15814 0.73000 0.72000 75.30000
2CXO_J212952.6+120926 322.46917 12.15726 0.76000 0.74000 63.40000
2CXO_J212952.8+121037 322.47033 12.17701 0.82000 0.76000 107.90000
2CXO_J212953.5+121004 322.47329 12.16797 0.73000 0.72000 87.50000
2CXO_J212954.4+120526 322.47696 12.09069 1.53000 0.98000 53.10000
2CXO_J212954.7+121236 322.47825 12.21008 1.27000 0.88000 140.10000
2CXO_J212955.4+121143 322.48117 12.19551 0.77000 0.74000 143.20000
2CXO_J212956.4+120523 322.48521 12.08986 0.99000 0.89000 58.60000
2CXO_J212957.3+121043 322.48887 12.17877 0.72000 0.72000 147.50000
2CXO_J212958.1+120939 322.49229 12.16107 0.71000 0.71000 0.00000
2CXO_J212958.1+121002 322.49217 12.16729 0.71000 0.71000 0.00000
2CXO_J212958.3+121002 322.49296 12.16741 0.71000 0.71000 0.00000
2CXO_J212959.3+121027 322.49742 12.17419 0.72000 0.72000 155.50000
2CXO_J212959.9+120728 322.49958 12.12447 1.56000 1.22000 93.30000
2CXO_J212959.9+121235 322.49975 12.20991 0.91000 0.86000 154.50000
2CXO_J213000.1+120609 322.50054 12.10264 1.01000 0.80000 35.50000
2CXO_J213000.5+120559 322.50246 12.09979 2.22000 1.26000 25.10000
2CXO_J213001.1+120838 322.50500 12.14407 0.83000 0.77000 39.20000
2CXO_J213001.9+120528 322.50812 12.09136 2.36000 1.50000 42.00000
2CXO_J213004.0+120609 322.51675 12.10259 0.85000 0.75000 51.00000
2CXO_J213004.2+121023 322.51775 12.17315 0.91000 0.80000 1.70000
2CXO_J213004.6+121119 322.51921 12.18888 0.78000 0.78000 0.00000
2CXO_J213005.6+120617 322.52337 12.10473 1.23000 1.23000 0.00000
2CXO_J213007.2+121030 322.53012 12.17518 0.74000 0.72000 6.60000
2CXO_J213007.3+121129 322.53079 12.19151 0.79000 0.73000 179.30000
2CXO_J213007.7+120704 322.53212 12.11793 0.79000 0.75000 43.20000
2CXO_J213007.9+120830 322.53325 12.14171 0.85000 0.78000 21.00000
2CXO_J213008.1+120810 322.53400 12.13635 0.83000 0.74000 16.70000
2CXO_J213009.1+121004 322.53821 12.16794 0.73000 0.71000 3.30000
2CXO_J213009.9+121011 322.54154 12.16980 1.03000 0.83000 166.50000
2CXO_J213011.0+120906 322.54612 12.15175 0.81000 0.75000 12.70000
2CXO_J213011.3+120749 322.54733 12.13035 1.49000 0.92000 40.50000
2CXO_J213627.8+003119 324.11625 0.52211 2.66000 1.84000 98.80000
2CXO_J213631.0+003042 324.12950 0.51173 3.76000 2.51000 86.80000
2CXO_J213631.6+003150 324.13183 0.53080 1.23000 0.83000 90.80000
2CXO_J213631.7+003118 324.13212 0.52174 2.71000 1.80000 92.20000
2CXO_J213632.1+002929 324.13379 0.49142 3.37000 2.88000 66.60000
2CXO_J213633.8+003023 324.14083 0.50654 1.78000 1.04000 88.80000
2CXO_J213633.9+003107 324.14146 0.51888 6.48000 6.01000 159.40000
2CXO_J215203.3+471651 328.01412 47.28086 3.03000 3.03000 0.00000
2CXO_J225730.5+074506 344.37721 7.75187 0.99000 0.79000 55.40000
2CXO_J225736.2+074822 344.40100 7.80613 5.85000 4.11000 112.50000
2CXO_J232653.1-015936 351.72158 -1.99344 5.78000 3.36000 96.10000
2CXO_J232653.7-020213 351.72417 -2.03720 0.72000 0.71000 84.40000
2CXO_J232654.1-020029 351.72554 -2.00814 2.20000 1.87000 86.00000
2CXO_J232655.6-020159 351.73183 -2.03331 2.45000 2.45000 0.00000
2CXO_J232658.1-020324 351.74246 -2.05672 1.66000 1.24000 82.20000
2CXO_J232700.8-020159 351.75362 -2.03329 1.14000 0.96000 71.10000
2CXO_J232701.3-020108 351.75575 -2.01907 1.94000 1.50000 86.80000
2CXO_J235808.2+622945 359.53421 62.49600 1.89000 1.36000 147.90000
2CXO_J235813.3+623343 359.55558 62.56209 2.76000 2.41000 160.50000
2CXO_J235814.8+623239 359.56171 62.54438 2.23000 1.86000 165.90000
