4FGL_J0003.3+2511 0.83230 25.19120 0.20420 0.18020 63.58000 1.12445e-02 9.46023e-03 0.93524 1.04535
4FGL_J0003.6+3059 0.90450 30.98980 0.16200 0.14280 -83.55000 1.69682e-02 7.88531e-03 0.34211 0.83899
4FGL_J0004.0+5715 1.00170 57.25780 0.17040 0.13340 -8.21000 7.66370e-03 4.65811e-03 1.50931 0.55464
4FGL_J0005.6+6746 1.41550 67.76880 0.37820 0.31520 19.83000 1.11019e-02 6.55320e-03 1.65962 0.54935
4FGL_J0009.2+6847 2.30450 68.79320 0.23800 0.18760 -20.78000 1.80666e-02 7.88090e-03 1.23793 0.58146
4FGL_J0031.0-2327 7.75640 -23.45810 0.22100 0.18620 -17.88000 1.68545e-02 8.45733e-03 0.46833 0.86580
4FGL_J0039.1+6257 9.78620 62.96030 0.05320 0.05120 -54.51000 1.25510e-02 1.60592e-03 0.74166 0.20190
4FGL_J0055.7+4507 13.93970 45.12440 0.10280 0.08720 71.14000 5.10734e-03 9.09648e-03 0.10178 2.55975
4FGL_J0102.1+4458 15.54520 44.96810 0.18420 0.12620 58.76000 8.29119e-03 2.16759e-03 0.00055 0.03838
4FGL_J0102.3+1000 15.59910 10.01200 0.11840 0.11500 68.46000 4.81029e-03 4.41560e-03 0.66582 1.02533
4FGL_J0112.0+3442 18.01280 34.70270 0.21200 0.17180 75.32000 9.17933e-03 5.51403e-03 1.22011 0.67388
4FGL_J0115.4-2917 18.85840 -29.29340 0.11460 0.09460 -38.44000 5.39436e-03 9.58536e-03 0.14324 3.34363
4FGL_J0116.8+6914 19.20220 69.24150 0.29540 0.24440 85.52000 3.09339e-02 1.56199e-03 1.11212 0.21403
4FGL_J0132.1-0956 23.03060 -9.93860 0.37220 0.31480 48.71000 3.43611e-02 1.62332e-02 1.14847 0.68846
4FGL_J0139.5-2228 24.89710 -22.47770 0.14680 0.13880 57.67000 1.58496e-02 6.25742e-03 0.05271 0.80142
4FGL_J0142.5+6650 25.62750 66.83410 0.32280 0.23880 43.44000 2.30005e-02 9.46624e-02 0.91266 6.80782
4FGL_J0150.4+4848 27.61440 48.81400 0.18260 0.17300 -39.33000 1.04314e-02 1.87869e-03 0.00044 0.02801
4FGL_J0154.6+0051 28.66070 0.86190 0.14240 0.11400 -5.87000 4.90018e-03 1.87541e-03 0.00150 0.07865
4FGL_J0204.7+6656 31.19530 66.93720 0.14920 0.12060 4.70000 1.02588e-02 3.75949e-03 1.52846 0.37420
4FGL_J0212.1+5321 33.04450 53.35070 0.04080 0.03980 -63.89000 1.10887e-02 1.38565e-03 1.06107 0.14146
4FGL_J0235.3+5650 38.84790 56.84780 0.11680 0.11000 17.43000 1.48759e-02 4.66905e-03 1.50017 0.33947
4FGL_J0237.8+5238 39.47340 52.63470 0.05920 0.05860 -78.68000 1.34507e-02 2.14065e-03 0.52322 0.26813
4FGL_J0251.1-1830 42.78350 -18.50930 0.06860 0.06840 -41.50000 4.70691e-03 1.51105e-03 0.00087 0.05409
4FGL_J0304.6+6554 46.15950 65.90650 0.18900 0.12060 -58.41000 1.12471e-02 6.15965e-03 0.54115 0.94665
4FGL_J0312.1-0921 48.02800 -9.35410 0.09760 0.08840 -43.49000 1.83073e-02 3.95816e-03 0.40945 0.37098
4FGL_J0314.1+5033 48.54890 50.55720 0.36820 0.33500 72.72000 1.48977e-02 8.27942e-03 1.08473 0.77793
4FGL_J0330.1+5038 52.54760 50.63370 0.13560 0.11540 25.93000 1.54013e-02 4.83365e-03 1.00326 0.47285
4FGL_J0336.0+7502 54.02490 75.05000 0.05100 0.04940 -9.43000 8.60670e-03 1.37566e-03 1.13176 0.16855
4FGL_J0340.4+5302 55.10990 53.03630 0.10000 0.09060 -26.30000 4.70153e-02 5.03460e-03 1.06556 0.18999
4FGL_J0359.3+3626 59.83210 36.43980 0.34700 0.28900 39.90000 3.10146e-02 6.20462e-03 0.48793 0.47223
4FGL_J0409.7+4006 62.43520 40.10910 0.37120 0.28540 2.17000 3.19240e-02 7.39997e-03 0.65163 0.49811
4FGL_J0418.9+6636 64.72540 66.60010 0.04760 0.04340 20.34000 7.95552e-03 1.48394e-03 1.19981 0.19405
4FGL_J0423.0-0943 65.75120 -9.71940 0.14340 0.13960 16.60000 1.27195e-02 7.01070e-03 0.69858 0.84171
4FGL_J0426.5+5434 66.63060 54.57040 0.07220 0.06700 -78.03000 2.02905e-02 2.43331e-03 1.32892 0.15320
4FGL_J0435.5+3232 68.87550 32.54920 0.09440 0.09060 71.61000 8.30415e-03 4.09023e-03 0.69586 0.63946
4FGL_J0436.9+2915 69.24640 29.25650 0.09220 0.08600 19.40000 6.58095e-03 2.69986e-03 1.54620 0.36042
4FGL_J0445.7+1535 71.43620 15.59850 0.39120 0.30000 -18.07000 1.70004e-02 9.23149e-03 1.47966 0.57401
4FGL_J0447.2+2446 71.80140 24.77010 0.21160 0.18440 29.95000 2.46366e-02 1.51366e-03 0.17113 0.32499
4FGL_J0448.7-2116 72.19490 -21.28130 0.20180 0.18140 44.11000 7.89781e-03 4.34450e-03 1.67605 0.41108
4FGL_J0452.9+5117 73.24520 51.28570 0.19720 0.18360 -43.95000 1.50738e-02 8.58663e-03 1.60130 0.56029
4FGL_J0502.2+3016 75.56260 30.27520 0.11120 0.10220 29.68000 6.32478e-03 9.20888e-03 0.04286 1.88582
4FGL_J0506.1+5028 76.53500 50.47120 0.11640 0.08620 -88.83000 1.18723e-02 2.03338e-03 0.00004 0.00732
4FGL_J0512.3+3329 78.08170 33.48440 0.13740 0.09440 -59.49000 5.50773e-03 1.92487e-03 0.70887 0.46716
4FGL_J0523.3-2527 80.83180 -25.46320 0.04780 0.04600 39.49000 1.08450e-02 1.55525e-03 0.83807 0.16851
4FGL_J0531.7+1241 82.94500 12.68880 0.30640 0.25220 18.26000 2.16849e-02 1.24379e-02 1.19181 0.84738
4FGL_J0533.6+5945 83.41750 59.76220 0.11400 0.10680 74.52000 2.62817e-02 2.62338e-03 0.23202 0.24517
4FGL_J0535.3+0934 83.84080 9.58240 0.27380 0.25820 -89.90000 9.86146e-03 6.91591e-03 1.69200 0.66419
4FGL_J0536.1-1205 84.03230 -12.09370 0.18880 0.15140 -73.29000 1.18365e-02 1.04683e-02 0.03084 0.89000
4FGL_J0538.9+3549 84.73670 35.82830 0.25220 0.19640 -53.89000 9.89030e-03 8.29714e-03 1.38058 0.94835
4FGL_J0540.7+3611 85.18380 36.19970 0.20200 0.19380 -3.22000 2.32087e-02 1.61730e-03 0.61877 0.32799
4FGL_J0545.7+6016 86.44190 60.27040 0.05080 0.04820 -33.64000 5.80445e-03 1.24188e-03 1.15654 0.18003
4FGL_J0550.9+2552 87.74570 25.87100 0.24960 0.19780 53.06000 1.08649e-02 2.86744e-03 1.28663 0.34794
4FGL_J0553.6+0100 88.40440 1.01380 0.34740 0.27440 -52.59000 4.40013e-02 1.01076e-02 0.00042 0.03694
4FGL_J0555.1+0150 88.77660 1.84680 0.23280 0.18440 15.17000 2.02349e-02 1.08080e-02 1.04523 0.81254
4FGL_J0558.1-2113 89.52910 -21.22660 0.12280 0.11620 4.81000 6.95588e-03 3.31999e-03 1.37866 0.41861
4FGL_J0609.0+2136 92.25010 21.60900 0.25300 0.22960 36.31000 1.73716e-02 6.29101e-03 0.92142 0.59646
4FGL_J0609.0+2006 92.25460 20.10320 0.32160 0.22640 41.12000 1.99555e-02 1.14394e-02 1.10634 0.83726
4FGL_J0618.9+2240 94.73520 22.67480 0.10200 0.06920 -51.64000 1.03510e-02 4.94569e-03 1.34941 0.51039
4FGL_J0622.5+3120 95.64750 31.33830 0.33280 0.23460 61.31000 2.79241e-02 2.04165e-02 0.39756 1.64284
4FGL_J0631.0+5626 97.75410 56.44940 0.12440 0.11280 32.80000 5.07752e-03 3.26341e-03 1.19212 0.57464
4FGL_J0642.4+1048 100.60810 10.81350 0.35620 0.27880 -5.88000 1.26618e-02 6.81887e-03 1.49042 0.60266
4FGL_J0652.9+4707 103.23550 47.12590 0.20100 0.15980 -88.98000 2.84577e-02 9.96663e-04 0.00618 0.06129
4FGL_J0656.5+4218 104.14690 42.31390 0.12900 0.11100 2.52000 7.27321e-03 3.95050e-03 0.38107 0.90004
4FGL_J0700.6+3558 105.16270 35.97390 0.13880 0.13000 -39.08000 1.30087e-02 4.91485e-03 0.87563 0.53999
4FGL_J0700.8+1551 105.20660 15.85330 0.15480 0.14460 71.84000 7.43977e-03 5.08183e-03 0.57808 0.90880
4FGL_J0705.8-0004 106.45700 -0.06870 0.25020 0.19080 28.11000 1.55304e-02 6.47330e-03 1.01554 0.59671
4FGL_J0722.7-2309 110.69240 -23.15130 0.33540 0.26420 -49.91000 1.69025e-02 9.19522e-03 1.67474 0.47288
4FGL_J0731.0+6607 112.77430 66.12630 0.16640 0.12540 -7.72000 4.17092e-03 3.39460e-03 1.62816 0.50568
4FGL_J0731.5-1910 112.89200 -19.17090 0.35620 0.29940 -37.98000 1.89946e-02 1.20872e-02 1.67149 0.53698
4FGL_J0744.0-2525 116.01410 -25.43200 0.05400 0.05240 39.31000 9.11744e-03 1.59336e-03 1.42262 0.16536
4FGL_J0744.4-1403 116.11700 -14.05130 0.34520 0.28120 68.70000 2.79628e-02 1.75599e-02 1.33531 0.83670
4FGL_J0752.0-2931 118.01340 -29.52640 0.18500 0.17840 4.16000 1.67113e-02 5.25006e-03 1.06626 0.46631
4FGL_J0758.8-1450 119.70050 -14.83700 0.07380 0.06540 81.71000 1.15421e-02 1.92162e-03 1.01526 0.19563
4FGL_J0800.5+3715 120.14280 37.25890 0.19580 0.19240 56.92000 1.48390e-02 9.34423e-03 0.71929 1.13630
4FGL_J0800.7-1059 120.19950 -10.98920 0.15240 0.14560 5.30000 1.05030e-02 4.99349e-03 1.47169 0.44823
4FGL_J0800.9+0733 120.22620 7.55090 0.10660 0.09620 -8.90000 7.21674e-03 4.60643e-03 0.36413 0.91056
4FGL_J0803.5+2046 120.88830 20.76780 0.35940 0.31880 -4.94000 2.20745e-02 1.14692e-02 0.96328 0.78464
4FGL_J0821.5-1436 125.39690 -14.60850 0.26440 0.22740 -50.74000 2.85875e-02 3.70091e-03 0.00003 0.00681
4FGL_J0843.3+6712 130.84810 67.21620 0.06100 0.05520 32.99000 1.22649e-02 2.47194e-03 0.20744 0.35607
4FGL_J0906.8-2122 136.70461 -21.37240 0.19740 0.16740 -81.24000 4.21425e-02 9.85465e-03 0.01642 0.49017
4FGL_J0910.1-1816 137.53349 -18.26840 0.14000 0.11340 -35.20000 4.07794e-03 3.72362e-03 0.98740 0.75364
4FGL_J0910.9+6055 137.73700 60.92430 0.22400 0.20260 -21.56000 8.15262e-03 4.93364e-03 0.51680 0.80006
4FGL_J0942.5+7620 145.63000 76.33450 0.23220 0.15860 -63.03000 9.18657e-03 7.10620e-03 0.34714 1.23746
4FGL_J0949.8+7551 147.46300 75.86380 0.19080 0.16420 36.06000 6.18039e-03 3.40005e-03 1.38017 0.51460
4FGL_J0953.6-1509 148.40550 -15.15490 0.06980 0.06680 -66.94000 1.80890e-02 2.93176e-03 0.14025 0.30463
4FGL_J1014.6+6126 153.65759 61.43710 0.19940 0.15260 -74.27000 1.24442e-02 1.56218e-02 0.11018 2.24463
4FGL_J1019.3+5625 154.84399 56.41890 0.13080 0.12300 -73.15000 6.65666e-03 4.65841e-03 0.00172 0.14268
4FGL_J1102.4+0246 165.62450 2.77540 0.29600 0.20500 64.22000 2.16040e-02 1.30434e-03 0.27501 0.34586
4FGL_J1105.1-2600 166.28720 -26.00190 0.15580 0.13100 27.55000 4.52870e-03 3.34870e-03 1.68884 0.44896
4FGL_J1106.7-1742 166.69901 -17.71480 0.10840 0.09340 38.96000 1.17771e-02 4.06675e-03 0.78672 0.47282
4FGL_J1114.6+1225 168.66400 12.41840 0.18900 0.16300 89.15000 1.59954e-02 3.13594e-03 0.00233 0.09121
4FGL_J1119.9-1007 169.98599 -10.12880 0.23700 0.18120 -19.76000 4.88255e-03 3.88116e-03 1.47693 0.54043
4FGL_J1120.0-2204 170.00160 -22.07790 0.04600 0.04440 53.53000 1.69711e-02 1.82690e-03 0.68183 0.15508
4FGL_J1125.2+2557 171.30830 25.95400 0.39420 0.27640 31.84000 3.59622e-02 4.42878e-02 1.17781 1.76347
4FGL_J1203.5-1748 180.88110 -17.80220 0.15640 0.14200 -3.38000 8.00656e-03 4.20394e-03 1.20706 0.55319
4FGL_J1207.4-1840 181.86140 -18.66770 0.13820 0.12800 42.39000 5.17933e-03 4.22367e-03 1.33118 0.64755
4FGL_J1214.5-2318 183.62511 -23.31130 0.14080 0.11020 -60.35000 4.96401e-03 2.92062e-03 1.18558 0.53114
4FGL_J1217.2-2500 184.32069 -25.00700 0.23280 0.21720 -73.38000 1.79072e-02 9.30174e-03 0.46296 0.94915
4FGL_J1221.4-0634 185.37010 -6.58310 0.08860 0.08380 -56.80000 1.01726e-02 3.37880e-03 1.13495 0.34932
4FGL_J1225.9+2951 186.49020 29.85960 0.05400 0.05020 -84.78000 1.02829e-02 1.80641e-03 0.74199 0.22242
4FGL_J1304.4+1203 196.11530 12.06160 0.16220 0.14900 71.11000 2.39926e-02 2.35419e-03 0.00001 0.00315
4FGL_J1304.6+0539 196.16470 5.66650 0.28220 0.19140 -89.87000 1.58563e-02 1.10575e-02 0.39746 1.21125
4FGL_J1308.7+0347 197.19870 3.78420 0.13040 0.11020 58.21000 5.74275e-03 3.84748e-03 1.18878 0.56941
4FGL_J1317.5-0153 199.37590 -1.89610 0.25740 0.23040 52.72000 1.65382e-02 1.07438e-03 0.31571 0.26283
4FGL_J1345.9-2612 206.48151 -26.21160 0.12620 0.10980 -82.01000 2.47007e-02 8.97398e-04 -0.40226 0.21328
4FGL_J1356.6+0234 209.16389 2.57730 0.17880 0.13560 -48.44000 1.69443e-02 7.68518e-03 0.62580 0.77386
4FGL_J1400.0-2415 210.02060 -24.26600 0.10260 0.08640 15.58000 1.30437e-02 3.47500e-03 0.47473 0.41264
4FGL_J1400.6-1432 210.15810 -14.54700 0.08620 0.07960 80.55000 1.24878e-02 2.67082e-03 1.05609 0.26059
4FGL_J1402.7+1306 210.69189 13.10720 0.19740 0.16820 89.51000 2.03621e-02 2.22496e-03 0.00008 0.01025
4FGL_J1429.8-0739 217.45120 -7.65060 0.32020 0.20700 26.81000 2.05744e-02 1.94368e-02 0.07371 2.12808
4FGL_J1441.4-1934 220.35040 -19.57830 0.07100 0.06920 70.35000 5.81699e-03 6.11607e-03 0.05225 1.87394
4FGL_J1442.1-2800 220.53920 -28.00640 0.24580 0.22540 32.98000 2.05856e-02 7.24533e-03 1.29498 0.47189
4FGL_J1444.1+7601 221.03740 76.02960 0.17320 0.13140 -84.76000 4.68631e-03 3.63643e-03 1.25728 0.59620
4FGL_J1444.8+3645 221.20340 36.75750 0.24980 0.24160 -0.55000 1.65918e-02 9.15920e-03 1.00098 0.83499
4FGL_J1450.8-1424 222.71080 -14.40590 0.14900 0.13840 -78.46000 1.38751e-02 6.76197e-03 0.42609 0.88877
4FGL_J1458.8-2120 224.70329 -21.33880 0.09140 0.08440 -74.54000 1.18719e-02 3.58864e-03 0.67529 0.42614
4FGL_J1500.2+2640 225.05611 26.67890 0.33360 0.26040 63.75000 3.12984e-02 1.44009e-03 0.42453 0.25246
4FGL_J1513.7-1519 228.44450 -15.33310 0.10980 0.09520 31.30000 7.15218e-03 3.43222e-03 1.01657 0.47938
4FGL_J1526.6-2743 231.67090 -27.73270 0.12400 0.10700 47.08000 1.92864e-02 1.33858e-02 0.00081 0.15001
4FGL_J1527.8+1013 231.97090 10.22860 0.19540 0.15020 36.22000 2.47560e-02 2.12727e-03 0.00004 0.00592
4FGL_J1530.0-1522 232.50110 -15.37590 0.16580 0.16180 -82.63000 2.00647e-02 6.79194e-03 0.21523 0.72509
4FGL_J1535.9+3743 233.98260 37.72490 0.08800 0.07920 68.13000 1.06508e-02 3.30076e-03 1.57746 0.25403
4FGL_J1543.6-0244 235.90770 -2.74710 0.11240 0.10240 -59.27000 1.71835e-02 4.28647e-03 1.00350 0.32700
4FGL_J1544.2-2554 236.05231 -25.91250 0.08260 0.07380 33.69000 1.15670e-02 2.85439e-03 1.26483 0.26341
4FGL_J1555.2+7103 238.82130 71.06150 0.16720 0.13620 -47.14000 1.19484e-02 5.26720e-03 0.73801 0.61020
4FGL_J1602.2+2305 240.55760 23.09690 0.09200 0.08260 -66.01000 1.51015e-02 5.07566e-03 0.21614 0.62989
4FGL_J1612.1+1407 243.03130 14.11680 0.10880 0.09200 14.10000 1.69748e-02 4.94943e-03 0.04240 0.59516
4FGL_J1612.4+0409 243.11020 4.15560 0.21800 0.17000 -52.38000 8.02975e-03 4.74229e-03 1.06544 0.69591
4FGL_J1615.3-1512 243.83340 -15.20980 0.19460 0.13420 55.60000 5.71367e-03 3.02385e-03 0.97271 0.55011
4FGL_J1621.0-2625 245.26891 -26.42770 0.34860 0.24480 16.28000 1.05446e-02 5.82326e-03 1.57693 0.47601
4FGL_J1627.7+3219 246.94000 32.32130 0.08480 0.08080 72.66000 1.70995e-02 4.16901e-03 0.17491 0.47658
4FGL_J1630.1-1049 247.52890 -10.81830 0.11280 0.09900 -49.97000 1.75610e-02 4.04501e-03 0.00031 0.02625
4FGL_J1632.5+3839 248.13080 38.65850 0.12260 0.11060 88.33000 1.14008e-02 3.55942e-03 0.79141 0.50230
4FGL_J1634.7+0235 248.68449 2.58380 0.17860 0.14160 -81.28000 1.77744e-02 1.11759e-03 0.00072 0.02257
4FGL_J1635.3+4258 248.84579 42.97560 0.12300 0.10820 -60.72000 9.49959e-03 4.26143e-03 0.87958 0.56244
4FGL_J1646.7-2154 251.68510 -21.90750 0.15840 0.13800 31.88000 2.22203e-02 1.10694e-02 0.66347 0.98421
4FGL_J1653.0+3640 253.25140 36.68140 0.17620 0.14300 37.84000 1.10562e-02 3.09184e-03 0.00000 0.00125
4FGL_J1656.4-0410 254.11940 -4.17020 0.10440 0.09420 -21.53000 1.11209e-02 1.03071e-02 0.68302 1.36814
4FGL_J1656.5-2733 254.14391 -27.56060 0.11280 0.10600 49.27000 2.17360e-02 4.19228e-03 0.00003 0.00735
4FGL_J1659.0-0140 254.76550 -1.67750 0.09300 0.08580 -88.90000 1.16223e-02 5.44804e-03 0.67442 0.68438
4FGL_J1659.2-1443 254.80710 -14.73000 0.13340 0.10840 -68.06000 1.02267e-02 4.11869e-03 1.00814 0.55465
4FGL_J1703.6-2850 255.91460 -28.83460 0.09080 0.07840 -87.43000 8.21882e-03 2.19137e-03 1.36089 0.25064
4FGL_J1709.4-2127 257.35571 -21.45640 0.16800 0.11360 -67.32000 9.36137e-03 2.15780e-03 0.00223 0.06274
4FGL_J1709.9-0900 257.48340 -9.01440 0.22240 0.16460 -41.48000 2.51130e-02 1.17574e-02 0.35333 1.05380
4FGL_J1711.9-1922 257.97760 -19.36760 0.08280 0.07980 -27.05000 1.05092e-02 2.83160e-03 0.73083 0.38801
4FGL_J1714.8-1421 258.71530 -14.36640 0.16680 0.13160 -65.02000 1.31274e-02 1.29041e-02 0.09429 1.66924
4FGL_J1719.4-2916 259.86221 -29.27340 0.23460 0.15760 -22.74000 1.83823e-02 7.95237e-03 0.91722 0.68820
4FGL_J1720.6+0708 260.16379 7.14690 0.11260 0.10240 53.91000 1.25225e-02 2.80310e-03 1.13081 0.26132
4FGL_J1722.8-0418 260.71149 -4.30330 0.08240 0.07680 -16.03000 6.13918e-03 3.83487e-03 1.64634 0.40464
4FGL_J1723.1-2859 260.79581 -28.99570 0.21620 0.19740 -16.36000 1.17964e-02 1.57261e-02 1.53713 1.48824
4FGL_J1726.2-2903 261.55270 -29.05080 0.17780 0.11980 24.93000 9.92887e-03 8.39187e-03 1.07840 1.07306
4FGL_J1727.4+0326 261.86310 3.44980 0.10700 0.09980 0.24000 5.04244e-03 2.90436e-03 1.52524 0.38681
4FGL_J1727.6-2304 261.90839 -23.07350 0.08960 0.08140 -61.08000 4.65524e-03 2.35080e-03 1.60424 0.37243
4FGL_J1727.6-0849 261.91599 -8.81830 0.26320 0.19360 -58.65000 1.85555e-02 2.17003e-02 1.33162 1.40601
4FGL_J1728.1-1610 262.03809 -16.16700 0.14080 0.13040 89.66000 1.70756e-02 1.02212e-02 0.45266 1.21838
4FGL_J1729.4-2831 262.35089 -28.52350 0.25220 0.18440 -43.30000 1.83095e-02 5.17010e-03 0.85279 0.47368
4FGL_J1730.3-2913 262.57681 -29.23020 0.15640 0.09600 20.80000 1.48998e-02 3.44863e-03 0.00011 0.01587
4FGL_J1730.4-0359 262.60861 -3.99230 0.07360 0.06160 88.82000 1.68333e-02 2.42803e-03 0.36277 0.26689
4FGL_J1731.7-1850 262.92569 -18.83420 0.25900 0.23000 -77.55000 2.77875e-02 1.60972e-03 0.56559 0.29946
4FGL_J1732.0-2659 263.00009 -26.98900 0.14660 0.10300 58.14000 5.55419e-03 1.04770e-02 1.50141 1.47206
4FGL_J1732.7-2559 263.19211 -25.98470 0.24160 0.20480 16.40000 8.41399e-03 5.30890e-03 1.66453 0.49307
4FGL_J1733.4+2235 263.36880 22.58510 0.18400 0.14720 52.15000 1.66764e-02 1.02659e-03 0.01810 0.12272
4FGL_J1733.6-2431 263.42230 -24.51800 0.26520 0.15940 -76.52000 1.94382e-02 5.91717e-03 0.67763 0.56011
4FGL_J1733.9-2220 263.49490 -22.33390 0.37400 0.33700 19.92000 3.96123e-02 5.81861e-03 0.32543 1.90077
4FGL_J1734.0-2933 263.51279 -29.55080 0.10520 0.09160 -57.37000 9.46588e-03 1.03480e-03 1.09537 0.20601
4FGL_J1734.5-2818 263.64801 -28.30220 0.13160 0.11180 12.18000 2.65265e-02 7.26694e-03 0.30212 0.65724
4FGL_J1736.3-2929 264.09290 -29.48680 0.19040 0.11320 -20.82000 7.45472e-03 4.12966e-03 1.68319 0.50439
4FGL_J1738.1-2453 264.54251 -24.89370 0.15500 0.11660 7.17000 2.92986e-02 1.62680e-03 0.40820 0.21650
4FGL_J1739.1-1059 264.78360 -10.99480 0.20840 0.19160 -63.55000 2.96350e-02 1.04746e-02 0.00007 0.02149
4FGL_J1739.3-2531 264.83661 -25.52620 0.09680 0.07600 70.54000 1.29389e-02 7.06322e-03 1.13327 0.85376
4FGL_J1739.5-2929 264.87750 -29.48580 0.20020 0.15100 -0.27000 1.89046e-02 9.70120e-04 0.68699 0.27515
4FGL_J1739.7-2836 264.93491 -28.60230 0.09420 0.07760 -57.54000 1.24009e-02 6.86208e-04 0.67181 0.27031
4FGL_J1740.4-2850 265.12189 -28.84680 0.09660 0.06960 4.22000 7.49073e-03 2.08393e-03 1.16824 0.34854
4FGL_J1740.7-2640 265.18570 -26.67700 0.11420 0.09520 -22.43000 1.77993e-02 3.14613e-03 0.27066 0.43483
4FGL_J1741.5-2344 265.38879 -23.74780 0.23200 0.19100 89.98000 1.88968e-02 8.11355e-03 0.74185 0.84092
4FGL_J1741.6-2730 265.41241 -27.50980 0.23380 0.13940 77.61000 1.54568e-02 7.68841e-03 1.27807 0.68477
4FGL_J1742.5-2833 265.63351 -28.55880 0.25020 0.12660 8.37000 1.01023e-02 9.43889e-03 1.38525 1.57841
4FGL_J1742.8-2246 265.72449 -22.77180 0.15140 0.11240 -81.39000 1.88824e-02 4.64026e-03 1.03632 0.37328
4FGL_J1744.0-1311 266.01889 -13.19090 0.09040 0.08300 43.10000 9.19616e-03 3.29625e-03 1.04403 0.42894
4FGL_J1744.7-1557 266.17679 -15.96250 0.12500 0.10300 28.32000 1.20175e-02 3.90469e-03 1.17722 0.39052
4FGL_J1746.1-2541 266.54810 -25.68810 0.10800 0.10120 88.53000 6.66031e-03 4.43583e-03 1.69679 0.60346
4FGL_J1746.5-2019 266.62619 -20.32770 0.17080 0.11820 5.78000 1.22640e-02 9.10924e-03 1.64284 0.84908
4FGL_J1747.6+0324 266.90509 3.40730 0.09220 0.08200 -69.86000 5.02177e-03 1.99740e-03 1.54413 0.27872
4FGL_J1748.3-2906 267.09549 -29.10610 0.06960 0.05760 -53.60000 1.23874e-02 2.04762e-03 0.74379 0.32338
4FGL_J1748.4+1601 267.10861 16.02210 0.34740 0.30060 44.16000 1.57322e-02 6.05051e-03 1.02469 0.51076
4FGL_J1749.0-2327 267.25180 -23.45540 0.30100 0.17640 87.82000 2.94799e-02 1.47949e-02 0.96957 0.82685
4FGL_J1750.4-1721 267.60321 -17.36060 0.20800 0.19020 -25.99000 1.44246e-02 8.06476e-03 1.22687 0.70384
4FGL_J1752.3-2914 268.07721 -29.24920 0.11100 0.08080 -52.04000 1.19039e-02 1.16659e-02 1.59413 1.32245
4FGL_J1753.8-2538 268.46011 -25.64020 0.03180 0.02960 -54.28000 4.39027e-03 7.38277e-04 1.68907 0.11548
4FGL_J1754.6-2933 268.66309 -29.55180 0.11520 0.08360 -78.37000 1.87939e-02 2.96682e-03 0.47482 0.31828
4FGL_J1757.1-2848 269.29721 -28.80210 0.14600 0.11900 -89.38000 1.00629e-02 1.16837e-02 1.29547 1.38946
4FGL_J1757.6-2731 269.40121 -27.52820 0.24620 0.15560 -46.31000 1.33218e-02 2.40741e-03 0.79367 0.35145
4FGL_J1758.0-2953 269.51050 -29.88930 0.12620 0.10120 -88.66000 1.65211e-02 3.06585e-03 0.00051 0.03212
4FGL_J1758.3-1920 269.59619 -19.34340 0.14080 0.13320 -41.61000 1.15333e-02 9.45961e-03 1.53460 0.75701
4FGL_J1759.7-2354 269.94629 -23.90330 0.09680 0.07420 73.09000 6.39732e-03 1.71271e-03 1.47892 0.27863
4FGL_J1759.8-1250 269.95840 -12.83880 0.12660 0.11140 -34.57000 5.99952e-03 4.21387e-03 1.69398 0.49974
4FGL_J1800.2-2952 270.05341 -29.87140 0.22180 0.16260 57.21000 2.46603e-02 1.39175e-02 0.00320 0.29644
4FGL_J1800.5-2910 270.12540 -29.17350 0.14000 0.10300 -28.07000 9.52227e-03 1.43362e-02 1.39663 1.60198
4FGL_J1801.0-2802 270.26208 -28.03930 0.13340 0.12220 84.43000 1.96428e-02 8.20979e-03 0.59483 0.79048
4FGL_J1801.1-2626 270.29221 -26.43980 0.08940 0.07780 28.49000 1.28998e-02 1.80514e-03 0.00000 0.00014
4FGL_J1802.1-2652 270.54379 -26.87140 0.15060 0.13120 -31.34000 1.56062e-02 6.68163e-03 0.82060 0.70409
4FGL_J1802.4+3634 270.60349 36.57730 0.27400 0.21400 31.43000 2.42860e-02 2.75583e-02 0.00091 0.22881
4FGL_J1803.1-2724 270.78030 -27.41640 0.20280 0.09020 -28.23000 6.80894e-03 4.11903e-03 1.65694 0.43192
4FGL_J1803.2+1402 270.80121 14.03610 0.16520 0.14440 -3.70000 1.33236e-02 4.97760e-03 0.81662 0.55061
4FGL_J1803.5-1639 270.88690 -16.65590 0.38760 0.29060 -30.06000 3.35146e-02 1.99173e-02 0.02097 0.95323
4FGL_J1803.8-2908 270.96121 -29.14620 0.18440 0.18140 16.51000 2.69898e-02 1.35192e-03 0.70788 0.23575
4FGL_J1804.0-1124 271.00339 -11.40270 0.37220 0.26820 -76.80000 2.63806e-02 1.40485e-03 0.29184 0.32240
4FGL_J1804.9-1745 271.23581 -17.75710 0.33800 0.20160 88.52000 1.26747e-02 9.62595e-03 1.64888 0.75037
4FGL_J1805.7+3401 271.42651 34.03100 0.15580 0.13720 9.77000 1.25825e-02 7.92910e-03 1.56959 0.52468
4FGL_J1808.1-1234 272.04568 -12.57530 0.21640 0.20300 -4.22000 1.82919e-02 8.91348e-03 1.15054 0.70692
4FGL_J1808.2-1055 272.05820 -10.92220 0.27260 0.21360 -78.06000 3.47327e-02 8.28065e-03 0.56937 2.11999
4FGL_J1809.0-2853 272.26929 -28.88610 0.22000 0.19520 -74.75000 2.15662e-02 1.08858e-02 0.37705 2.22434
4FGL_J1810.5-1415 272.63260 -14.26050 0.19020 0.16760 -29.18000 8.93942e-03 1.40372e-02 1.61090 1.73660
4FGL_J1811.7-1442 272.92569 -14.70420 0.53280 0.20060 40.71000 7.78609e-03 1.08818e-02 1.35511 1.64104
4FGL_J1811.9-2336 272.99240 -23.61330 0.16860 0.13120 74.39000 2.28197e-02 5.36396e-03 0.46713 1.98222
4FGL_J1812.2-0856 273.07458 -8.94740 0.35780 0.19060 -74.99000 4.05059e-02 8.26983e-03 0.38008 1.91816
4FGL_J1813.2-1128 273.30289 -11.48070 0.18380 0.12780 27.14000 8.39739e-03 7.39723e-03 1.61051 0.86709
4FGL_J1813.5+2819 273.39221 28.32630 0.15060 0.10720 75.19000 1.00119e-02 4.83420e-03 0.60312 0.67213
4FGL_J1814.2-1012 273.56171 -10.21400 0.24400 0.22580 3.14000 3.98186e-02 2.07989e-03 0.71461 0.30364
4FGL_J1814.4+3132 273.62070 31.54360 0.10920 0.08920 -64.88000 2.05278e-02 6.28704e-03 0.02428 0.70243
4FGL_J1814.6-2537 273.67410 -25.62140 0.21600 0.14280 -1.18000 2.09043e-02 6.09794e-03 0.60122 0.56538
4FGL_J1815.1+5917 273.79919 59.29900 0.35640 0.30280 68.91000 3.22997e-02 9.43724e-03 0.95378 0.54647
4FGL_J1815.3-1336 273.84671 -13.60520 0.26480 0.21740 65.89000 1.72794e-02 4.81145e-03 0.94992 0.52633
4FGL_J1816.3-2903 274.08121 -29.05260 0.36240 0.30700 -19.79000 2.56934e-02 1.57976e-03 0.42401 0.33204
4FGL_J1816.4-2727 274.10611 -27.45630 0.15660 0.10580 -7.64000 1.14389e-02 1.07986e-02 1.34877 1.06080
4FGL_J1816.7+1749 274.18771 17.82790 0.10540 0.09840 -4.06000 6.36126e-03 2.63820e-03 1.32545 0.39247
4FGL_J1817.9-1135 274.48761 -11.59660 0.15120 0.10860 21.61000 1.61379e-02 8.41450e-03 1.10821 0.75617
4FGL_J1818.0-1339 274.51871 -13.65270 0.30400 0.24620 73.22000 1.23645e-02 5.36657e-03 0.78861 0.81837
4FGL_J1818.1-2000 274.53290 -20.01610 0.09040 0.07180 -46.64000 8.13005e-03 2.28984e-03 1.12734 0.37074
4FGL_J1818.6+1316 274.65271 13.27310 0.09620 0.09000 80.43000 1.39440e-02 4.17780e-03 0.46075 0.51818
4FGL_J1818.6-1533 274.65790 -15.56150 0.10820 0.08020 -21.52000 1.23916e-02 3.18536e-03 1.66975 0.27552
4FGL_J1819.4-1102 274.86371 -11.03640 0.29840 0.20460 76.72000 2.08985e-02 1.18068e-02 0.75628 1.31360
4FGL_J1819.9-2926 274.98990 -29.43910 0.16640 0.15600 36.61000 9.58146e-03 3.75250e-03 1.32447 0.40578
4FGL_J1819.9-1530 274.98999 -15.50280 0.12220 0.09440 79.51000 1.42003e-02 1.96907e-03 0.78476 0.37252
4FGL_J1822.6-2502 275.66321 -25.04040 0.23220 0.19400 -1.02000 1.55512e-02 1.23137e-02 1.17733 1.16152
4FGL_J1823.2+1209 275.81201 12.15730 0.19480 0.17540 72.35000 2.39115e-02 6.81817e-03 0.14872 0.82414
4FGL_J1824.2-0621 276.06790 -6.35760 0.04760 0.04460 -47.22000 1.11939e-02 1.41836e-03 0.01387 0.25729
4FGL_J1824.7+2403 276.18689 24.06480 0.13080 0.12600 -67.33000 1.05725e-02 6.88066e-03 0.74096 0.97575
4FGL_J1826.5-1202 276.64859 -12.04840 0.27160 0.19980 8.11000 1.79914e-02 1.25885e-02 1.01269 1.19438
4FGL_J1827.2+4303 276.81299 43.06480 0.13540 0.12640 48.49000 1.20136e-02 7.24079e-03 0.00199 0.15143
4FGL_J1827.5+1141 276.87860 11.68630 0.08720 0.08020 38.24000 9.87659e-03 2.58864e-03 1.00932 0.32628
4FGL_J1828.1-1312 277.02759 -13.20190 0.17980 0.13120 49.77000 1.82933e-02 2.36318e-03 0.21683 0.45068
4FGL_J1829.6-2545 277.41019 -25.75500 0.25680 0.22280 -72.46000 3.31806e-02 8.99075e-03 0.00021 0.03112
4FGL_J1830.1-0212 277.52621 -2.21290 0.24700 0.22200 -68.65000 1.90999e-02 8.22610e-03 0.79624 0.82648
4FGL_J1830.7-1634 277.67630 -16.57010 0.05780 0.05480 26.01000 4.59795e-03 1.16218e-03 1.68871 0.17023
4FGL_J1834.2-0827 278.57150 -8.45850 0.13040 0.11940 -28.59000 2.47232e-02 3.93586e-03 0.49378 0.46709
4FGL_J1834.3+0613 278.57571 6.22560 0.21020 0.13740 -29.45000 1.68810e-02 4.34170e-03 0.40286 0.49001
4FGL_J1834.7-0724 278.68329 -7.41310 0.11740 0.09280 -4.99000 1.40501e-02 1.55462e-02 0.85125 1.99808
4FGL_J1834.9-0800 278.74359 -8.00420 0.20780 0.15280 -20.38000 1.49695e-02 3.74168e-03 1.09686 0.40910
4FGL_J1834.9-2819 278.74799 -28.31700 0.18060 0.15500 -64.42000 9.69657e-03 4.14562e-03 1.41960 0.40716
4FGL_J1836.8-2354 279.21121 -23.90670 0.33880 0.15960 25.39000 1.85727e-02 8.15741e-03 0.71423 0.73924
4FGL_J1838.0-0516 279.51279 -5.27700 0.24420 0.16680 -89.33000 1.00346e-02 6.52374e-03 1.47652 0.72977
4FGL_J1838.2+3223 279.56921 32.39960 0.13800 0.12900 0.20000 5.57571e-03 3.46413e-03 1.69160 0.41081
4FGL_J1838.4-0630 279.60260 -6.51660 0.08960 0.07740 63.39000 1.08044e-02 2.10305e-03 1.20106 0.26902
4FGL_J1838.4-0545 279.61301 -5.76260 0.11100 0.09260 33.36000 1.16672e-02 5.10874e-03 1.08152 0.82321
4FGL_J1840.4-1705 280.10110 -17.09300 0.12940 0.11740 16.42000 1.80374e-02 2.05619e-03 0.10061 0.19863
4FGL_J1840.4-1139 280.10651 -11.65100 0.12840 0.09380 -70.04000 1.95449e-02 9.79576e-03 0.00213 0.20460
4FGL_J1842.1+2737 280.53781 27.62480 0.10480 0.09140 67.09000 1.62505e-02 4.24815e-03 0.10019 0.52210
4FGL_J1844.8-0957 281.20361 -9.95410 0.14920 0.12940 -62.03000 7.76879e-03 1.07807e-02 1.47881 1.50335
4FGL_J1845.0+0159 281.26511 1.99690 0.15880 0.13280 -33.98000 1.81514e-02 3.24189e-03 0.00003 0.00751
4FGL_J1845.8-2521 281.46481 -25.35850 0.11120 0.09540 -27.25000 9.78557e-03 2.33017e-03 1.32243 0.24176
4FGL_J1846.0+0507 281.50751 5.12780 0.09120 0.07620 -57.08000 7.94772e-03 3.90491e-03 0.80285 0.67961
4FGL_J1846.9-0247 281.73959 -2.79980 0.25800 0.19300 -71.57000 1.40234e-02 5.10964e-03 1.03088 0.64064
4FGL_J1847.0-0625 281.76019 -6.41790 0.16340 0.12960 -13.38000 1.37480e-02 5.78603e-03 0.48663 0.78418
4FGL_J1847.2-0141 281.81140 -1.69240 0.14520 0.10120 -81.59000 1.24900e-02 4.61858e-03 1.33263 0.48310
4FGL_J1850.8-1105 282.70520 -11.08820 0.25400 0.17700 5.85000 1.67150e-02 8.94513e-03 0.96381 0.78034
4FGL_J1852.2-1309 283.07391 -13.15950 0.11580 0.10240 12.28000 1.50967e-02 4.36867e-03 0.24184 0.57091
4FGL_J1853.2-0922 283.32059 -9.38110 0.24320 0.18400 48.08000 1.46386e-02 8.35390e-03 1.33076 0.62076
4FGL_J1853.6-0620 283.42419 -6.34600 0.19440 0.13120 -56.72000 5.65182e-03 1.13778e-02 1.59462 1.71169
4FGL_J1853.8-1107 283.46991 -11.12340 0.19680 0.12620 -17.78000 1.87377e-02 1.54630e-03 1.22584 0.22715
4FGL_J1854.7+0153 283.69510 1.89350 0.23880 0.10900 -33.13000 6.37239e-03 3.22576e-03 1.53867 0.52294
4FGL_J1855.3-0740 283.83099 -7.67750 0.29740 0.26960 -28.17000 3.23351e-02 1.26551e-03 0.28538 0.21912
4FGL_J1855.8+0150 283.95761 1.84320 0.12440 0.08800 15.04000 4.49261e-03 1.96595e-03 1.52722 0.43435
4FGL_J1857.1+0056 284.29871 0.94600 0.07760 0.06160 -38.44000 8.30200e-03 5.33425e-03 0.65384 1.13197
4FGL_J1857.4+0106 284.35800 1.11290 0.08560 0.06760 -54.20000 1.00322e-02 2.70241e-03 0.80256 0.52614
4FGL_J1858.0+0354 284.51880 3.91280 0.08320 0.07440 -4.67000 1.66697e-02 2.43443e-03 0.98663 0.24937
4FGL_J1858.0-1052 284.51959 -10.86910 0.22300 0.17420 -59.94000 2.01036e-02 2.36515e-02 1.06448 1.80744
4FGL_J1858.3-1318 284.57910 -13.31350 0.28040 0.19860 -68.28000 1.81141e-02 6.34724e-03 0.72056 0.58112
4FGL_J1858.9+3636 284.73318 36.61410 0.29680 0.23880 19.64000 2.11782e-02 1.00909e-02 0.65236 0.82132
4FGL_J1859.2-0706 284.80060 -7.11360 0.11920 0.11800 -39.95000 8.07079e-03 6.63534e-03 1.54296 0.69241
4FGL_J1900.4+0339 285.12399 3.66400 0.09600 0.07800 17.84000 1.16151e-02 3.20721e-03 1.30326 0.34134
4FGL_J1900.7+0426 285.19220 4.44150 0.18720 0.17940 -55.07000 1.73304e-02 4.08135e-03 1.06279 0.39489
4FGL_J1900.9+0538 285.22580 5.63620 0.18800 0.15020 -16.90000 1.61244e-02 7.39412e-03 1.34619 0.49956
4FGL_J1901.1+0730 285.29489 7.50480 0.08540 0.07700 1.71000 7.68704e-03 1.15610e-03 1.33960 0.19416
4FGL_J1901.8-0718 285.45660 -7.30450 0.12880 0.10740 62.12000 1.05828e-02 5.53014e-03 0.94815 0.70606
4FGL_J1902.2+0448 285.57260 4.80810 0.22440 0.14560 28.60000 1.35068e-02 3.46035e-03 1.16274 0.36924
4FGL_J1902.5+0654 285.64389 6.90990 0.07380 0.06620 70.89000 5.35657e-03 1.66977e-03 1.60724 0.24482
4FGL_J1904.7-0708 286.19351 -7.13730 0.08440 0.07420 83.50000 1.24600e-02 2.98206e-03 1.29523 0.26882
4FGL_J1905.8+4942 286.47198 49.71060 0.23340 0.21400 55.09000 2.49386e-02 2.00607e-03 0.59886 0.26645
4FGL_J1906.0-1718 286.51859 -17.31530 0.15420 0.11620 87.11000 1.53631e-02 9.40888e-04 0.52186 0.24938
4FGL_J1906.1+1651 286.54080 16.86480 0.10060 0.08760 -84.17000 1.12713e-02 5.49174e-04 0.19371 0.21602
4FGL_J1906.4-2001 286.61011 -20.02010 0.19860 0.19120 41.92000 1.81993e-02 9.06003e-03 0.48421 0.95793
4FGL_J1906.4-1757 286.61069 -17.95090 0.11240 0.09640 39.78000 5.01831e-03 2.29857e-03 1.69995 0.30511
4FGL_J1906.9+0712 286.74731 7.21650 0.04420 0.04120 -43.06000 5.77444e-03 1.18766e-03 1.61351 0.16237
4FGL_J1908.7+0812 287.18460 8.20440 0.10600 0.09840 -62.44000 1.44911e-02 4.32033e-03 1.34393 0.33884
4FGL_J1908.8-0131 287.21161 -1.53090 0.05940 0.05780 56.90000 1.16818e-02 2.21422e-03 0.92922 0.26300
4FGL_J1909.2+4646 287.32019 46.77680 0.15660 0.15360 -8.92000 9.52379e-03 5.28310e-03 1.15530 0.67045
4FGL_J1912.5+1320 288.13220 13.34890 0.27980 0.22140 -19.67000 2.12882e-02 7.82243e-03 1.30531 0.48140
4FGL_J1912.7+4610 288.17749 46.17920 0.17760 0.14940 66.57000 1.14708e-02 5.04083e-03 0.82871 0.59871
4FGL_J1912.7+0957 288.18509 9.95410 0.13940 0.10740 25.28000 1.87649e-02 1.77557e-03 0.69766 0.29758
4FGL_J1913.4-1526 288.35150 -15.44960 0.11120 0.10540 -73.55000 1.72767e-02 9.16625e-03 0.24184 1.09676
4FGL_J1914.6-1157 288.66531 -11.95160 0.15480 0.13320 -26.29000 1.36478e-02 7.11328e-03 1.26808 0.73962
4FGL_J1914.7+1012 288.68011 10.21480 0.22460 0.15340 28.03000 8.30541e-03 6.13862e-03 1.45964 0.73244
4FGL_J1915.3+1149 288.83569 11.81780 0.18540 0.14400 -27.69000 1.73757e-02 4.30429e-03 1.11766 0.35959
4FGL_J1919.1+2354 289.78119 23.90270 0.18480 0.15600 14.91000 2.34689e-02 1.25548e-02 0.13423 1.69338
4FGL_J1919.4+1313 289.87271 13.22840 0.27160 0.21380 84.64000 3.26046e-02 2.22767e-02 0.88493 1.22215
4FGL_J1920.7+1334 290.18649 13.56990 0.23120 0.20680 -5.94000 1.85035e-02 2.75604e-03 0.74367 0.44222
4FGL_J1921.1+1930 290.29279 19.51170 0.16460 0.11920 -67.25000 1.14931e-02 3.40840e-03 1.06660 0.43599
4FGL_J1922.4+1453 290.62241 14.88990 0.17560 0.12880 -18.91000 1.30456e-02 8.14225e-03 1.35099 0.87303
4FGL_J1922.7+1428 290.69901 14.47260 0.09440 0.07480 4.15000 1.56771e-02 9.01369e-03 1.11504 1.03957
4FGL_J1924.8-1035 291.20529 -10.59090 0.07940 0.07320 -10.09000 1.08568e-02 3.68820e-03 0.60567 0.55372
4FGL_J1925.3+1522 291.33441 15.37010 0.18020 0.13480 0.50000 1.16647e-02 4.73279e-03 1.52247 0.43037
4FGL_J1929.0+1729 292.25589 17.49030 0.14620 0.10580 -80.16000 1.31569e-02 3.44218e-03 1.24040 0.35075
4FGL_J1931.1+1656 292.78470 16.94400 0.08260 0.07880 -88.53000 1.25116e-02 2.64533e-03 1.35967 0.25721
4FGL_J1934.2-1446 293.55551 -14.77870 0.25040 0.22340 68.14000 3.68046e-02 2.25617e-02 0.00744 0.61267
4FGL_J1934.2+1036 293.56729 10.60050 0.31880 0.20680 78.30000 1.31945e-02 7.86064e-03 1.54249 0.71506
4FGL_J1936.6+1921 294.16251 19.35380 0.23200 0.16820 -33.55000 1.53248e-02 7.31933e-03 0.43069 0.99797
4FGL_J1939.7-1242 294.93539 -12.71260 0.34580 0.24340 -3.57000 1.83630e-02 1.10628e-02 1.22845 0.76721
4FGL_J1940.2-2511 295.05569 -25.18660 0.16440 0.13060 -14.31000 7.43282e-03 4.66066e-03 1.61540 0.40444
4FGL_J1943.9+2841 295.98029 28.69570 0.37020 0.17800 -17.73000 9.77760e-03 5.41609e-03 1.35746 0.67836
4FGL_J1944.8+4301 296.20010 43.02800 0.09720 0.08240 41.65000 8.37324e-03 2.07473e-03 0.57355 0.36477
4FGL_J1946.5-1527 296.62811 -15.46540 0.17060 0.13100 -31.65000 7.29739e-03 3.25494e-03 1.40499 0.40971
4FGL_J1947.0+0031 296.75620 0.52040 0.13020 0.11600 -67.21000 1.15085e-02 8.72585e-03 0.17010 1.41854
4FGL_J1947.1+1729 296.77521 17.48670 0.15180 0.12040 46.67000 8.02370e-03 3.87211e-03 0.76897 0.68168
4FGL_J1948.9+3414 297.22620 34.23960 0.24580 0.17980 -89.69000 1.73748e-02 6.61073e-03 0.00226 0.13045
4FGL_J1949.2-1453 297.31619 -14.89830 0.13200 0.12300 -48.44000 8.92889e-03 3.78106e-03 1.43341 0.38429
4FGL_J1950.6+2416 297.66019 24.28090 0.25440 0.18620 69.71000 1.01417e-02 5.62722e-03 1.69163 0.45587
4FGL_J1951.0+2523 297.76880 25.39400 0.20820 0.15820 47.14000 2.06897e-02 7.87424e-03 0.66166 0.78018
4FGL_J1951.6+2621 297.91422 26.35360 0.22020 0.14960 59.31000 1.44358e-02 7.44406e-03 1.23736 0.66859
4FGL_J1954.5+2420 298.64749 24.34990 0.26160 0.17480 -8.79000 2.01232e-02 1.16916e-02 0.13499 2.08896
4FGL_J1954.8+2543 298.71991 25.71780 0.37040 0.25320 -8.46000 1.37559e-02 1.44688e-02 1.63609 0.92456
4FGL_J1959.9+1833 299.98999 18.55910 0.27060 0.20800 11.03000 9.77365e-03 5.76021e-03 1.44665 0.59288
4FGL_J2007.9+2511 301.99261 25.19360 0.12580 0.10320 28.13000 1.00063e-02 5.34185e-03 1.01292 0.70161
4FGL_J2008.4+1619 302.10980 16.32150 0.13080 0.09200 35.25000 8.14540e-03 1.90584e-03 0.00196 0.06003
4FGL_J2009.9-2116 302.47629 -21.27700 0.14100 0.12660 61.01000 1.17721e-02 4.91408e-03 0.35145 0.69396
4FGL_J2017.3+3525 304.34921 35.42260 0.09960 0.08460 21.17000 8.29450e-03 1.80447e-03 0.00029 0.02191
4FGL_J2026.0+4718 306.50409 47.30510 0.25640 0.14800 49.54000 1.41801e-02 3.52869e-03 0.29656 0.51426
4FGL_J2026.3+1431 306.59879 14.52250 0.11060 0.10840 3.87000 1.15300e-02 8.64929e-03 0.10804 1.61855
4FGL_J2027.0+2811 306.76639 28.18990 0.10220 0.09320 71.48000 2.57449e-02 3.41163e-03 0.26955 0.28485
4FGL_J2029.4+1013 307.35541 10.22090 0.33600 0.30620 78.62000 1.01480e-02 6.03172e-03 1.60428 0.58006
4FGL_J2030.5+2235 307.63510 22.59450 0.07960 0.07520 -62.13000 5.87827e-03 1.52539e-03 0.00574 0.13087
4FGL_J2035.0+3632 308.75711 36.53710 0.04820 0.04580 57.00000 1.54117e-02 5.43845e-04 -0.14815 0.13722
4FGL_J2036.2-0207 309.06281 -2.13300 0.18400 0.15340 13.67000 1.33060e-02 7.78386e-03 0.72554 0.95538
4FGL_J2038.4+4212 309.62479 42.20850 0.11780 0.10700 -14.33000 1.65036e-02 3.65702e-03 1.46105 0.26005
4FGL_J2041.1+4736 310.29559 47.60290 0.04980 0.04440 30.76000 7.59932e-03 1.12520e-03 1.53633 0.12658
4FGL_J2043.9+2051 310.97961 20.85300 0.21500 0.17900 43.30000 1.02868e-02 5.72526e-03 1.13803 0.59739
4FGL_J2046.1-1626 311.54901 -16.44310 0.14660 0.13080 61.71000 8.01694e-03 3.45058e-03 1.58419 0.37089
4FGL_J2054.2+6904 313.56711 69.07690 0.10400 0.09320 63.87000 9.38778e-03 2.50259e-03 1.37814 0.25424
4FGL_J2058.0+3338 314.51700 33.63800 0.17920 0.16140 79.16000 1.50460e-02 1.42902e-02 0.25415 1.72384
4FGL_J2104.0+4623 316.00580 46.38360 0.17260 0.14980 16.76000 2.07493e-02 1.39119e-02 0.19819 1.56144
4FGL_J2116.2+3701 319.05939 37.02570 0.15440 0.12580 43.44000 2.78036e-02 1.25540e-03 0.20394 0.23028
4FGL_J2117.0+1344 319.25751 13.74490 0.14900 0.13040 -62.56000 7.92815e-03 4.35090e-03 1.46507 0.43180
4FGL_J2130.8+2649 322.71481 26.83320 0.31700 0.26140 34.25000 2.99713e-02 1.92611e-03 0.17294 0.35559
4FGL_J2131.4-1124 322.85239 -11.41370 0.33140 0.27140 68.79000 1.86640e-02 1.19679e-02 0.95839 0.92079
4FGL_J2144.2+7709 326.07361 77.15490 0.14480 0.10800 84.19000 1.19959e-02 4.40894e-03 0.00084 0.07398
4FGL_J2212.4+0708 333.10831 7.14280 0.09940 0.09820 9.86000 1.60047e-02 4.80250e-03 0.64433 0.49093
4FGL_J2218.8+4736 334.72391 47.60080 0.12840 0.11060 -12.47000 1.28170e-02 4.72989e-03 0.72167 0.56397
4FGL_J2220.8+6319 335.22391 63.31850 0.14820 0.12060 -71.76000 1.24040e-02 3.90549e-03 1.58383 0.28010
4FGL_J2222.9+1507 335.73050 15.12580 0.14840 0.13680 72.34000 5.65324e-03 5.67163e-03 0.17598 1.50594
4FGL_J2227.1+6455 336.78381 64.92430 0.33620 0.24020 -77.91000 2.98517e-02 1.74790e-03 0.88820 0.27977
4FGL_J2236.9+1839 339.24841 18.66630 0.10960 0.10180 74.10000 5.94535e-03 1.06761e-02 0.12402 3.16274
4FGL_J2241.2+4303 340.30051 43.05830 0.23800 0.23300 -78.19000 3.33611e-02 7.66756e-03 0.00005 0.01163
4FGL_J2250.5+3305 342.64041 33.09890 0.13920 0.13660 51.78000 2.23198e-02 3.42146e-03 0.43999 0.31429
4FGL_J2312.4+8253 348.10031 82.89240 0.38320 0.27720 23.20000 1.48528e-02 8.77970e-03 1.69723 0.57492
4FGL_J2317.8+6140 349.46030 61.68220 0.19900 0.18380 -72.38000 1.13720e-02 5.83953e-03 1.40460 0.57466
4FGL_J2323.9+2519 350.97809 25.33220 0.16980 0.15440 71.93000 1.16724e-02 5.56586e-03 0.34549 0.85239
4FGL_J2336.2-0715 354.06729 -7.26470 0.26240 0.22040 43.95000 1.04559e-02 8.13064e-03 0.80172 1.08773
4FGL_J2337.7-2903 354.43079 -29.06350 0.25660 0.21120 30.26000 1.26343e-02 1.14154e-02 0.21054 1.64559
4FGL_J2359.3+1444 359.83899 14.74980 0.44340 0.28660 -65.40000 2.25230e-02 1.62019e-02 0.74839 1.23837
