4FGL_J0003.3+2511 0.83230 25.19120 0.20420 0.18020 63.58000 1.12445e-02 9.46023e-03 0.93524 1.04535
4FGL_J0003.6+3059 0.90450 30.98980 0.16200 0.14280 -83.55000 1.69682e-02 7.88531e-03 0.34211 0.83899
4FGL_J0004.0+5715 1.00170 57.25780 0.17040 0.13340 -8.21000 7.66370e-03 4.65811e-03 1.50931 0.55464
4FGL_J0005.6+6746 1.41550 67.76880 0.37820 0.31520 19.83000 1.11019e-02 6.55320e-03 1.65962 0.54935
4FGL_J0006.6+4618 1.66970 46.30460 0.12940 0.11120 -81.84000 -1.08850e-04 1.20570e-03 2.53807 0.15938
4FGL_J0008.4+6926 2.10720 69.44090 0.16400 0.10960 57.42000 1.98121e-03 2.14558e-03 2.00268 0.42455
4FGL_J0008.9+2509 2.23580 25.15360 0.50360 0.39260 -6.18000 1.38367e-02 1.23056e-02 2.23906 0.55230
4FGL_J0009.2+6847 2.30450 68.79320 0.23800 0.18760 -20.78000 1.80666e-02 7.88090e-03 1.23793 0.58146
4FGL_J0009.2+1745 2.30770 17.75440 0.29640 0.22580 70.61000 8.11848e-03 6.67105e-03 1.80649 0.58565
4FGL_J0009.7-1418 2.44030 -14.30450 0.18520 0.13920 -77.34000 7.09743e-04 1.49707e-03 2.32874 0.17262
4FGL_J0024.1+2402 6.03840 24.03660 0.12100 0.09760 -56.48000 7.63578e-04 1.32252e-03 1.86944 0.34101
4FGL_J0026.1-0732 6.54000 -7.54250 0.09740 0.09000 38.84000 7.25846e-04 1.53628e-03 1.84590 0.48894
4FGL_J0031.0-2327 7.75640 -23.45810 0.22100 0.18620 -17.88000 1.68545e-02 8.45733e-03 0.46833 0.86580
4FGL_J0034.6+6438 8.66190 64.63930 0.10700 0.09520 -80.30000 4.89294e-03 2.39967e-03 1.71946 0.35075
4FGL_J0035.2-1739 8.81730 -17.66210 0.10280 0.09660 50.83000 4.31770e-04 8.46250e-04 1.58050 0.41776
4FGL_J0037.2-2653 9.31400 -26.89270 0.23740 0.20580 -50.97000 2.20564e-03 4.04538e-03 2.22737 0.45520
4FGL_J0039.1+6257 9.78620 62.96030 0.05320 0.05120 -54.51000 1.25510e-02 1.60592e-03 0.74166 0.20190
4FGL_J0039.7+4203 9.94110 42.06530 0.17700 0.14820 -20.38000 5.79631e-04 1.56144e-03 2.18884 0.33597
4FGL_J0045.9-2021 11.48600 -20.36540 0.10020 0.09040 63.44000 6.11780e-04 9.43974e-04 1.78733 0.28070
4FGL_J0052.1+6444 13.04330 64.74200 0.14400 0.12840 10.51000 6.33472e-03 6.58220e-03 1.82618 0.64684
4FGL_J0055.7+4507 13.93970 45.12440 0.10280 0.08720 71.14000 5.10734e-03 9.09648e-03 0.10178 2.55975
4FGL_J0057.5+6814 14.37900 68.23600 0.14600 0.13260 24.40000 -1.97317e-04 1.42550e-03 2.56705 0.16312
4FGL_J0057.9+6326 14.49550 63.43850 0.06540 0.06040 19.19000 1.50550e-03 6.53842e-04 0.54729 0.45857
4FGL_J0058.1+6915 14.54670 69.26080 0.16240 0.14540 5.39000 6.10594e-04 1.67760e-03 2.46302 0.28971
4FGL_J0102.1+4458 15.54520 44.96810 0.18420 0.12620 58.76000 8.29119e-03 2.16759e-03 0.00055 0.03838
4FGL_J0102.3+1000 15.59910 10.01200 0.11840 0.11500 68.46000 4.81029e-03 4.41560e-03 0.66582 1.02533
4FGL_J0104.6-0818 16.16580 -8.31250 0.33660 0.23540 -13.83000 3.06641e-03 4.33582e-03 1.95375 0.60689
4FGL_J0112.0+3442 18.01280 34.70270 0.21200 0.17180 75.32000 9.17933e-03 5.51403e-03 1.22011 0.67388
4FGL_J0115.4-2917 18.85840 -29.29340 0.11460 0.09460 -38.44000 5.39436e-03 9.58536e-03 0.14324 3.34363
4FGL_J0116.8+6914 19.20220 69.24150 0.29540 0.24440 85.52000 3.09339e-02 1.56199e-03 1.11212 0.21403
4FGL_J0120.1+0505 20.04540 5.09110 0.19220 0.17500 65.69000 -3.33468e-04 8.91933e-04 2.61027 0.30798
4FGL_J0126.8+2412 21.70360 24.21000 0.18040 0.16780 11.50000 -2.90289e-04 1.23485e-03 2.83838 0.14213
4FGL_J0132.1-0956 23.03060 -9.93860 0.37220 0.31480 48.71000 3.43611e-02 1.62332e-02 1.14847 0.68846
4FGL_J0139.5-2228 24.89710 -22.47770 0.14680 0.13880 57.67000 1.58496e-02 6.25742e-03 0.05271 0.80142
4FGL_J0140.3+7054 25.08330 70.90420 0.06960 0.06300 -19.95000 1.71812e-03 1.45577e-03 1.38942 0.51092
4FGL_J0142.5+6650 25.62750 66.83410 0.32280 0.23880 43.44000 2.30005e-02 9.46624e-02 0.91266 6.80782
4FGL_J0144.3+5959 26.08460 59.99750 0.19780 0.17280 57.05000 1.48289e-03 3.34765e-03 2.47150 0.36957
4FGL_J0150.4+4848 27.61440 48.81400 0.18260 0.17300 -39.33000 1.04314e-02 1.87869e-03 0.00044 0.02801
4FGL_J0153.3+5416 28.32570 54.27380 0.10000 0.07820 -22.91000 3.42148e-04 4.95821e-04 1.75716 0.25753
4FGL_J0154.6+0051 28.66070 0.86190 0.14240 0.11400 -5.87000 4.90018e-03 1.87541e-03 0.00150 0.07865
4FGL_J0156.3-2420 29.07770 -24.33450 0.08420 0.07500 7.90000 1.07289e-03 8.03851e-04 1.58755 0.20809
4FGL_J0158.4+1230 29.61730 12.50340 1.72900 1.14740 -24.10000 4.02445e-02 2.53823e-02 1.58562 0.81734
4FGL_J0159.0+3313 29.76650 33.21750 0.14260 0.10540 -85.10000 8.08706e-04 9.79864e-04 1.82366 0.25854
4FGL_J0202.4+2943 30.62030 29.72920 0.10140 0.09360 -45.66000 -1.46622e-04 4.32358e-04 2.23995 0.19558
4FGL_J0204.7+6656 31.19530 66.93720 0.14920 0.12060 4.70000 1.02588e-02 3.75949e-03 1.52846 0.37420
4FGL_J0209.8+2626 32.46400 26.43350 0.26200 0.16180 33.36000 2.11451e-03 2.60606e-03 1.94418 0.42694
4FGL_J0211.5+6219 32.89990 62.32340 0.17740 0.14540 14.13000 2.59309e-03 2.67609e-03 2.36054 0.33539
4FGL_J0212.1+5321 33.04450 53.35070 0.04080 0.03980 -63.89000 1.10887e-02 1.38565e-03 1.06107 0.14146
4FGL_J0222.7+5016 35.68530 50.27120 0.11840 0.10420 70.28000 1.64289e-03 1.18526e-03 1.16171 0.50944
4FGL_J0224.8+2937 36.21410 29.62920 0.33860 0.32300 -36.32000 1.90322e-03 3.90200e-03 2.69978 0.31642
4FGL_J0226.9+7744 36.74540 77.74020 0.09440 0.08240 -28.00000 1.09543e-03 1.31698e-03 1.65530 0.42085
4FGL_J0230.3+1713 37.59760 17.22240 0.19540 0.16100 -52.06000 3.56341e-03 3.48659e-03 2.12541 0.39949
4FGL_J0231.0+3505 37.77450 35.09970 0.34960 0.13460 18.41000 3.55593e-03 9.70711e-04 0.00216 0.06962
4FGL_J0235.3+5650 38.84790 56.84780 0.11680 0.11000 17.43000 1.48759e-02 4.66905e-03 1.50017 0.33947
4FGL_J0237.8+5238 39.47340 52.63470 0.05920 0.05860 -78.68000 1.34507e-02 2.14065e-03 0.52322 0.26813
4FGL_J0239.1+6634 39.78400 66.57960 0.25020 0.21380 -13.79000 5.71084e-03 4.11991e-03 1.95462 0.42363
4FGL_J0240.2-0248 40.05340 -2.80860 0.21240 0.16580 5.03000 5.40454e-05 1.35332e-03 2.54749 0.19720
4FGL_J0245.0+4755 41.26590 47.91930 0.16360 0.14020 -86.43000 1.50817e-03 2.97658e-03 2.21415 0.41691
4FGL_J0251.1-1830 42.78350 -18.50930 0.06860 0.06840 -41.50000 4.70691e-03 1.51105e-03 0.00087 0.05409
4FGL_J0252.3-2707 43.08430 -27.13090 0.74760 0.46800 -36.00000 -6.43445e-04 9.05735e-04 3.00523 0.19087
4FGL_J0257.8+7044 44.46280 70.74250 0.15140 0.14500 -61.47000 1.85450e-04 1.73990e-03 2.48627 0.14029
4FGL_J0259.0+0552 44.75190 5.87800 0.07140 0.06840 41.28000 2.39931e-03 1.18310e-03 1.65834 0.21660
4FGL_J0302.5+3354 45.62560 33.90130 0.08280 0.07820 -28.06000 -2.10364e-04 4.13645e-04 2.36073 0.15326
4FGL_J0302.7+5717 45.69150 57.28800 0.32480 0.20600 -49.53000 2.50375e-03 3.42608e-03 2.57284 0.26735
4FGL_J0304.6+6554 46.15950 65.90650 0.18900 0.12060 -58.41000 1.12471e-02 6.15965e-03 0.54115 0.94665
4FGL_J0312.1-0921 48.02800 -9.35410 0.09760 0.08840 -43.49000 1.83073e-02 3.95816e-03 0.40945 0.37098
4FGL_J0312.7+2012 48.19940 20.21640 0.08200 0.07360 -71.09000 1.53765e-03 1.30980e-03 1.25486 0.46584
4FGL_J0314.1+2827 48.54690 28.45220 0.20640 0.17140 9.02000 3.40262e-03 3.99571e-03 2.21726 0.37187
4FGL_J0314.1+5033 48.54890 50.55720 0.36820 0.33500 72.72000 1.48977e-02 8.27942e-03 1.08473 0.77793
4FGL_J0327.6+2620 51.91700 26.33410 0.09860 0.08720 61.80000 1.00434e-03 1.39924e-03 1.57267 0.56058
4FGL_J0328.5+6114 52.14300 61.24740 1.77380 0.43880 -5.82000 2.83541e-03 2.69447e-03 2.40221 0.26585
4FGL_J0328.6-1129 52.16080 -11.49520 0.13260 0.12660 -84.49000 -1.59737e-04 5.90018e-04 2.32661 0.20273
4FGL_J0330.1+5038 52.54760 50.63370 0.13560 0.11540 25.93000 1.54013e-02 4.83365e-03 1.00326 0.47285
4FGL_J0330.7+5845 52.68700 58.75230 0.37900 0.37200 -60.29000 3.15611e-02 1.69299e-02 0.70097 1.15558
4FGL_J0333.4-2705 53.37240 -27.08600 0.23940 0.16840 16.01000 1.40203e-03 2.14497e-03 1.81454 0.45347
4FGL_J0336.0+7502 54.02490 75.05000 0.05100 0.04940 -9.43000 8.60670e-03 1.37566e-03 1.13176 0.16855
4FGL_J0337.5+2423 54.39410 24.38360 0.16160 0.15480 55.63000 1.40875e-03 2.11226e-03 2.23663 0.25811
4FGL_J0340.4+5302 55.10990 53.03630 0.10000 0.09060 -26.30000 4.70153e-02 5.03460e-03 1.06556 0.18999
4FGL_J0341.9+3153 55.48520 31.89520 0.24560 0.14420 71.41000 3.03679e-03 5.58758e-03 2.12715 0.76014
4FGL_J0346.2+3235 56.56960 32.58530 0.15600 0.14960 -12.58000 2.39038e-03 3.54221e-03 2.35059 0.32624
4FGL_J0358.1+2850 59.52770 28.84790 0.43960 0.32500 -67.05000 2.75610e-02 5.77878e-03 0.64880 0.50428
4FGL_J0359.3+3626 59.83210 36.43980 0.34700 0.28900 39.90000 3.10146e-02 6.20462e-03 0.48793 0.47223
4FGL_J0405.9+3041 61.49000 30.69250 0.12600 0.12020 -14.89000 -3.52928e-04 1.14375e-03 2.44097 0.13818
4FGL_J0406.2+0639 61.55140 6.65240 0.11760 0.10920 -61.90000 -2.69326e-04 4.89053e-04 2.40316 0.20788
4FGL_J0409.2+2542 62.31440 25.70220 0.11280 0.09600 62.62000 2.01054e-03 2.07348e-03 1.62456 0.48989
4FGL_J0409.7+4006 62.43520 40.10910 0.37120 0.28540 2.17000 3.19240e-02 7.39997e-03 0.65163 0.49811
4FGL_J0413.1-0304 63.29790 -3.07610 0.22980 0.18820 -39.85000 4.56513e-03 4.09583e-03 2.34342 0.32063
4FGL_J0414.3+4522 63.59640 45.36780 0.15200 0.11500 -34.55000 -2.07660e-04 2.43074e-04 2.05721 0.18689
4FGL_J0414.6+5711 63.66980 57.18830 0.07480 0.07060 73.03000 1.33685e-03 2.51634e-04 1.51520 0.22512
4FGL_J0418.9+6636 64.72540 66.60010 0.04760 0.04340 20.34000 7.95552e-03 1.48394e-03 1.19981 0.19405
4FGL_J0423.0-0943 65.75120 -9.71940 0.14340 0.13960 16.60000 1.27195e-02 7.01070e-03 0.69858 0.84171
4FGL_J0426.5+5434 66.63060 54.57040 0.07220 0.06700 -78.03000 2.02905e-02 2.43331e-03 1.32892 0.15320
4FGL_J0427.3+0504 66.82940 5.08000 0.38580 0.24280 -85.91000 7.38534e-03 4.31036e-03 2.36923 0.27423
4FGL_J0427.4+6433 66.87250 64.55880 0.45920 0.40020 -78.75000 1.29102e-02 8.93636e-03 1.91125 0.60420
4FGL_J0427.9+3632 66.98130 36.53390 0.46880 0.30040 1.47000 2.18922e-02 1.15896e-02 1.22100 0.61694
4FGL_J0435.5+3232 68.87550 32.54920 0.09440 0.09060 71.61000 8.30415e-03 4.09023e-03 0.69586 0.63946
4FGL_J0436.9+2915 69.24640 29.25650 0.09220 0.08600 19.40000 6.58095e-03 2.69986e-03 1.54620 0.36042
4FGL_J0442.8+3609 70.71030 36.16400 0.16900 0.15980 64.71000 9.35756e-03 5.36024e-03 1.96865 0.39806
4FGL_J0445.7+1535 71.43620 15.59850 0.39120 0.30000 -18.07000 1.70004e-02 9.23149e-03 1.47966 0.57401
4FGL_J0447.2+2446 71.80140 24.77010 0.21160 0.18440 29.95000 2.46366e-02 1.51366e-03 0.17113 0.32499
4FGL_J0448.7-2116 72.19490 -21.28130 0.20180 0.18140 44.11000 7.89781e-03 4.34450e-03 1.67605 0.41108
4FGL_J0452.9+5117 73.24520 51.28570 0.19720 0.18360 -43.95000 1.50738e-02 8.58663e-03 1.60130 0.56029
4FGL_J0453.3+2843 73.33400 28.73040 0.68040 0.27480 68.18000 7.67513e-03 4.17050e-03 1.84544 0.38732
4FGL_J0455.9+6757 73.99240 67.95880 0.12140 0.09780 -74.63000 2.25501e-03 2.69620e-03 1.34923 0.64035
4FGL_J0502.2+3016 75.56260 30.27520 0.11120 0.10220 29.68000 6.32478e-03 9.20888e-03 0.04286 1.88582
4FGL_J0506.1+5028 76.53500 50.47120 0.11640 0.08620 -88.83000 1.18723e-02 2.03338e-03 0.00004 0.00732
4FGL_J0506.3-0620 76.59820 -6.33670 0.28700 0.26700 19.67000 1.26401e-03 2.75901e-03 2.41046 0.32012
4FGL_J0512.3+3329 78.08170 33.48440 0.13740 0.09440 -59.49000 5.50773e-03 1.92487e-03 0.70887 0.46716
4FGL_J0512.5-2201 78.14750 -22.02460 0.17820 0.14180 -22.76000 -4.29954e-04 4.00345e-04 2.44634 0.24278
4FGL_J0523.3-2527 80.83180 -25.46320 0.04780 0.04600 39.49000 1.08450e-02 1.55525e-03 0.83807 0.16851
4FGL_J0527.1+1152 81.77680 11.87400 0.29380 0.21900 54.96000 4.69431e-03 8.74372e-03 2.27256 0.78307
4FGL_J0527.4+6647 81.85590 66.79820 0.07240 0.06580 74.07000 1.52554e-03 1.33711e-03 1.66816 0.34605
4FGL_J0529.1-2449 82.27750 -24.82320 0.44780 0.38020 -32.12000 1.50571e-04 2.13052e-03 2.70915 0.22889
4FGL_J0529.9-0224 82.47700 -2.40480 0.15240 0.13840 65.51000 2.43061e-03 2.95797e-03 2.23413 0.28321
4FGL_J0531.7+1241 82.94500 12.68880 0.30640 0.25220 18.26000 2.16849e-02 1.24379e-02 1.19181 0.84738
4FGL_J0532.6+3358 83.17090 33.98320 0.49260 0.32400 1.69000 6.45989e-03 5.69658e-03 2.31100 0.39595
4FGL_J0533.6+5945 83.41750 59.76220 0.11400 0.10680 74.52000 2.62817e-02 2.62338e-03 0.23202 0.24517
4FGL_J0534.0+3746 83.51390 37.77130 0.32360 0.25020 -9.74000 8.14225e-03 5.29317e-03 1.98985 0.42711
4FGL_J0535.3+0934 83.84080 9.58240 0.27380 0.25820 -89.90000 9.86146e-03 6.91591e-03 1.69200 0.66419
4FGL_J0536.1-1205 84.03230 -12.09370 0.18880 0.15140 -73.29000 1.18365e-02 1.04683e-02 0.03084 0.89000
4FGL_J0537.5+0959 84.37750 9.98600 0.21480 0.17540 -67.87000 2.71745e-03 3.63272e-03 2.37589 0.34628
4FGL_J0538.9+3549 84.73670 35.82830 0.25220 0.19640 -53.89000 9.89030e-03 8.29714e-03 1.38058 0.94835
4FGL_J0540.2+0655 85.05480 6.91670 0.11760 0.09880 -86.06000 1.80711e-03 1.76435e-03 0.80594 0.92691
4FGL_J0540.6+5540 85.17450 55.67260 0.17980 0.15240 72.74000 1.56006e-03 2.42748e-03 2.26463 0.30556
4FGL_J0540.7+3611 85.18380 36.19970 0.20200 0.19380 -3.22000 2.32087e-02 1.61730e-03 0.61877 0.32799
4FGL_J0543.9-0418 85.97690 -4.30940 0.18080 0.14920 75.87000 3.28719e-03 1.34405e-02 2.28726 1.07746
4FGL_J0544.4+2238 86.10930 22.64180 0.24960 0.17460 -87.04000 -6.32050e-04 8.59084e-04 2.76531 0.16203
4FGL_J0544.8+5209 86.21700 52.16020 0.28680 0.24200 71.09000 1.70007e-05 1.96330e-03 2.55325 0.14782
4FGL_J0545.7+6016 86.44190 60.27040 0.05080 0.04820 -33.64000 5.80445e-03 1.24188e-03 1.15654 0.18003
4FGL_J0545.8-0905 86.45570 -9.09510 0.07580 0.07320 -78.03000 -6.53902e-05 4.08487e-04 2.23184 0.17886
4FGL_J0546.5-1100 86.64230 -11.01270 0.60380 0.43800 -15.69000 2.18556e-02 1.22880e-02 1.44490 0.77260
4FGL_J0550.9+2552 87.74570 25.87100 0.24960 0.19780 53.06000 1.08649e-02 2.86744e-03 1.28663 0.34794
4FGL_J0551.7+0446 87.94860 4.77820 0.41280 0.35080 32.70000 4.20079e-02 3.09374e-03 0.44678 0.25523
4FGL_J0553.5+4810 88.39750 48.17260 0.39380 0.35800 29.25000 -2.79267e-04 2.38215e-03 2.88857 0.17375
4FGL_J0553.6+0100 88.40440 1.01380 0.34740 0.27440 -52.59000 4.40013e-02 1.01076e-02 0.00042 0.03694
4FGL_J0554.0-0839 88.51750 -8.65520 0.12940 0.12420 -15.88000 2.30759e-03 2.79473e-03 1.91367 0.45458
4FGL_J0554.2-0259 88.56340 -2.98640 0.13300 0.10960 -12.74000 -2.55334e-04 1.28781e-03 2.46424 0.15459
4FGL_J0555.1+0150 88.77660 1.84680 0.23280 0.18440 15.17000 2.02349e-02 1.08080e-02 1.04523 0.81254
4FGL_J0558.1-2113 89.52910 -21.22660 0.12280 0.11620 4.81000 6.95588e-03 3.31999e-03 1.37866 0.41861
4FGL_J0601.0-1016 90.25700 -10.27820 0.54780 0.40000 9.00000 2.49463e-02 1.82577e-03 0.83088 0.29858
4FGL_J0609.0+2136 92.25010 21.60900 0.25300 0.22960 36.31000 1.73716e-02 6.29101e-03 0.92142 0.59646
4FGL_J0609.0+2006 92.25460 20.10320 0.32160 0.22640 41.12000 1.99555e-02 1.14394e-02 1.10634 0.83726
4FGL_J0611.5-2918 92.89820 -29.30800 0.26980 0.26200 37.97000 4.86421e-03 4.36824e-03 1.75621 0.52656
4FGL_J0612.6+1520 93.15870 15.34200 0.45680 0.40120 22.71000 3.06281e-02 1.46871e-02 0.73918 0.82318
4FGL_J0613.1+1749 93.28020 17.82190 0.19340 0.17640 -25.58000 2.12223e-04 1.74582e-03 2.55097 0.13956
4FGL_J0618.7+1211 94.69580 12.18370 0.41260 0.33780 52.22000 2.11223e-02 7.56151e-03 1.77580 0.37275
4FGL_J0618.9+2240 94.73520 22.67480 0.10200 0.06920 -51.64000 1.03510e-02 4.94569e-03 1.34941 0.51039
4FGL_J0620.1+2246 95.03110 22.78300 0.15360 0.09260 37.91000 2.27475e-04 4.65278e-04 2.06385 0.22652
4FGL_J0620.4+1445 95.10830 14.75530 0.26280 0.20740 80.22000 2.84071e-03 2.82763e-03 2.27824 0.28847
4FGL_J0622.5+3120 95.64750 31.33830 0.33280 0.23460 61.31000 2.79241e-02 2.04165e-02 0.39756 1.64284
4FGL_J0625.5+7029 96.39180 70.49720 0.08660 0.07660 -67.40000 7.76745e-04 1.14047e-03 1.55117 0.47995
4FGL_J0631.0+5626 97.75410 56.44940 0.12440 0.11280 32.80000 5.07752e-03 3.26341e-03 1.19212 0.57464
4FGL_J0633.9+5840 98.47900 58.68010 0.15880 0.12580 -63.23000 6.29406e-04 1.09974e-03 1.63215 0.50998
4FGL_J0642.4+1048 100.60810 10.81350 0.35620 0.27880 -5.88000 1.26618e-02 6.81887e-03 1.49042 0.60266
4FGL_J0652.9+4707 103.23550 47.12590 0.20100 0.15980 -88.98000 2.84577e-02 9.96663e-04 0.00618 0.06129
4FGL_J0656.5+4218 104.14690 42.31390 0.12900 0.11100 2.52000 7.27321e-03 3.95050e-03 0.38107 0.90004
4FGL_J0658.7+2318 104.68080 23.30270 0.31360 0.16680 -37.29000 -3.01547e-04 1.20372e-03 2.47484 0.14506
4FGL_J0700.6+3558 105.16270 35.97390 0.13880 0.13000 -39.08000 1.30087e-02 4.91485e-03 0.87563 0.53999
4FGL_J0700.8+1551 105.20660 15.85330 0.15480 0.14460 71.84000 7.43977e-03 5.08183e-03 0.57808 0.90880
4FGL_J0701.5-2842 105.38810 -28.71260 0.21520 0.14660 -64.93000 -5.90994e-04 1.49908e-04 2.37978 0.14822
4FGL_J0705.8-0004 106.45700 -0.06870 0.25020 0.19080 28.11000 1.55304e-02 6.47330e-03 1.01554 0.59671
4FGL_J0708.6+1747 107.16590 17.79240 0.09380 0.08120 -78.61000 6.82788e-04 1.21011e-03 1.86687 0.36630
4FGL_J0709.1-1034 107.29500 -10.56930 0.18560 0.13980 14.16000 1.15758e-02 1.23987e-02 1.70426 0.75983
4FGL_J0713.5-2555 108.37890 -25.93090 0.16660 0.12380 -46.30000 -1.05673e-04 1.35996e-03 2.35037 0.14827
4FGL_J0715.7-1128 108.92660 -11.48000 0.43000 0.31520 -81.62000 1.20470e-02 1.79656e-02 1.86874 0.95293
4FGL_J0722.4-2650 110.61380 -26.84410 0.13660 0.10440 -62.36000 3.07541e-03 3.65839e-03 2.23429 0.39495
4FGL_J0722.7-2309 110.69240 -23.15130 0.33540 0.26420 -49.91000 1.69025e-02 9.19522e-03 1.67474 0.47288
4FGL_J0724.8+3016 111.20500 30.26920 0.55640 0.18440 -15.06000 -1.61717e-04 2.54062e-04 1.69377 0.29028
4FGL_J0725.7-0549 111.44930 -5.81930 0.06980 0.06640 -47.07000 1.62786e-03 8.12950e-04 1.36055 0.25972
4FGL_J0731.0+6607 112.77430 66.12630 0.16640 0.12540 -7.72000 4.17092e-03 3.39460e-03 1.62816 0.50568
4FGL_J0731.5-1910 112.89200 -19.17090 0.35620 0.29940 -37.98000 1.89946e-02 1.20872e-02 1.67149 0.53698
4FGL_J0737.4+6535 114.37370 65.59120 0.08780 0.08360 -59.82000 -4.31216e-04 2.26525e-04 2.25736 0.19488
4FGL_J0738.6+1311 114.65600 13.18460 0.32640 0.18660 46.91000 -3.71478e-04 5.07281e-04 2.57066 0.16205
4FGL_J0744.0-2525 116.01410 -25.43200 0.05400 0.05240 39.31000 9.11744e-03 1.59336e-03 1.42262 0.16536
4FGL_J0744.4-1403 116.11700 -14.05130 0.34520 0.28120 68.70000 2.79628e-02 1.75599e-02 1.33531 0.83670
4FGL_J0747.2-0736 116.81010 -7.60920 0.13120 0.10080 -20.87000 7.15976e-04 1.16326e-03 1.79838 0.43727
4FGL_J0752.0-2931 118.01340 -29.52640 0.18500 0.17840 4.16000 1.67113e-02 5.25006e-03 1.06626 0.46631
4FGL_J0755.9-0515 118.97940 -5.26180 0.24920 0.22600 82.67000 3.06523e-05 2.00269e-03 2.85838 0.17320
4FGL_J0758.8-1450 119.70050 -14.83700 0.07380 0.06540 81.71000 1.15421e-02 1.92162e-03 1.01526 0.19563
4FGL_J0800.5+3715 120.14280 37.25890 0.19580 0.19240 56.92000 1.48390e-02 9.34423e-03 0.71929 1.13630
4FGL_J0800.7-1059 120.19950 -10.98920 0.15240 0.14560 5.30000 1.05030e-02 4.99349e-03 1.47169 0.44823
4FGL_J0800.9+0733 120.22620 7.55090 0.10660 0.09620 -8.90000 7.21674e-03 4.60643e-03 0.36413 0.91056
4FGL_J0801.3-0617 120.33900 -6.29990 2.54100 0.55760 21.81000 1.25146e-03 3.23679e-03 2.36409 0.37849
4FGL_J0803.5+2046 120.88830 20.76780 0.35940 0.31880 -4.94000 2.20745e-02 1.14692e-02 0.96328 0.78464
4FGL_J0809.8+0507 122.45320 5.13130 0.78180 0.55780 -82.86000 5.27389e-02 1.16628e-02 0.52584 0.54703
4FGL_J0815.5+6554 123.87990 65.90000 0.12100 0.11100 -31.32000 7.15147e-04 9.61949e-04 1.37384 0.50109
4FGL_J0821.5-1436 125.39690 -14.60850 0.26440 0.22740 -50.74000 2.85875e-02 3.70091e-03 0.00003 0.00681
4FGL_J0826.0-0157 126.52140 -1.95620 0.17400 0.15840 -50.87000 1.36054e-03 2.54656e-03 2.23850 0.30523
4FGL_J0827.6-0059 126.90300 -0.99660 0.37440 0.20780 46.03000 1.96591e-03 2.78366e-03 1.46642 0.64714
4FGL_J0829.3+3729 127.32960 37.49580 0.61960 0.43880 -84.50000 2.34288e-02 9.86691e-03 1.57284 0.49440
4FGL_J0838.5+4013 129.62869 40.22400 0.31540 0.18620 6.73000 -2.94010e-05 3.71547e-04 1.71602 0.29859
4FGL_J0838.9-2502 129.72800 -25.03570 0.33340 0.22540 13.95000 -3.81453e-04 3.22146e-04 2.44284 0.13340
4FGL_J0843.3+6712 130.84810 67.21620 0.06100 0.05520 32.99000 1.22649e-02 2.47194e-03 0.20744 0.35607
4FGL_J0849.5+2710 132.38220 27.17130 0.33240 0.24840 -24.82000 3.26951e-03 4.00400e-03 2.06179 0.46240
4FGL_J0850.4-2558 132.61839 -25.97440 1.19240 0.51480 22.92000 -8.18081e-05 1.88876e-03 2.64234 0.15203
4FGL_J0855.0+0720 133.76250 7.34640 0.35700 0.26740 -24.79000 4.51604e-03 6.00013e-03 2.22590 0.51583
4FGL_J0859.8+0053 134.95430 0.89870 0.16660 0.12240 47.75000 2.70473e-03 8.53411e-04 0.00071 0.06839
4FGL_J0903.5+4057 135.89940 40.96210 0.11200 0.10240 -6.98000 1.33785e-03 2.17077e-03 1.64736 0.64606
4FGL_J0906.1-1011 136.53610 -10.19450 0.12060 0.10620 72.02000 5.68051e-04 9.47732e-04 1.81650 0.29835
4FGL_J0906.8-2122 136.70461 -21.37240 0.19740 0.16740 -81.24000 4.21425e-02 9.85465e-03 0.01642 0.49017
4FGL_J0910.1-1816 137.53349 -18.26840 0.14000 0.11340 -35.20000 4.07794e-03 3.72362e-03 0.98740 0.75364
4FGL_J0910.9+6055 137.73700 60.92430 0.22400 0.20260 -21.56000 8.15262e-03 4.93364e-03 0.51680 0.80006
4FGL_J0914.5+6845 138.64650 68.75140 0.13160 0.09540 42.26000 3.34555e-03 1.26885e-03 0.55625 0.50872
4FGL_J0916.9+7756 139.23911 77.93580 0.13560 0.12440 -50.36000 4.29107e-04 1.03983e-03 2.01484 0.31220
4FGL_J0919.3+6607 139.84210 66.12720 0.13300 0.12340 -77.52000 9.63046e-04 1.14188e-03 1.76476 0.36417
4FGL_J0934.5+7223 143.64430 72.39910 0.31620 0.25320 7.78000 -4.39669e-04 1.51314e-03 3.01593 0.13300
4FGL_J0935.3+0901 143.83260 9.03050 0.14540 0.13180 -11.04000 4.24286e-03 2.64663e-03 2.14520 0.22364
4FGL_J0935.5+1152 143.88870 11.88140 0.13360 0.10960 -31.39000 -1.33808e-04 2.97475e-04 1.66968 0.30299
4FGL_J0938.8+5155 144.71800 51.91920 0.19020 0.15260 43.17000 2.16670e-03 1.94367e-03 1.34541 0.55219
4FGL_J0942.5+7620 145.63000 76.33450 0.23220 0.15860 -63.03000 9.18657e-03 7.10620e-03 0.34714 1.23746
4FGL_J0949.8+7551 147.46300 75.86380 0.19080 0.16420 36.06000 6.18039e-03 3.40005e-03 1.38017 0.51460
4FGL_J0953.6-1509 148.40550 -15.15490 0.06980 0.06680 -66.94000 1.80890e-02 2.93176e-03 0.14025 0.30463
4FGL_J1002.3-2810 150.58490 -28.17370 1.27740 0.80880 -15.28000 4.18007e-02 2.54325e-03 0.70838 0.26838
4FGL_J1008.2-1000 152.06689 -10.01660 1.65360 1.23240 -52.04000 1.30120e-02 1.30473e-02 2.65486 0.45977
4FGL_J1014.6+6126 153.65759 61.43710 0.19940 0.15260 -74.27000 1.24442e-02 1.56218e-02 0.11018 2.24463
4FGL_J1017.4+5956 154.37219 59.94990 0.19480 0.13360 -9.25000 4.31787e-04 9.04238e-04 1.80587 0.32869
4FGL_J1018.1-2705 154.54890 -27.09450 0.21360 0.16840 -77.95000 9.19609e-03 5.56791e-03 1.83070 0.41980
4FGL_J1018.2+0145 154.55231 1.75990 0.24480 0.24140 -7.89000 -3.55171e-04 3.72129e-04 2.34603 0.18896
4FGL_J1018.3-0703 154.59520 -7.06230 0.49260 0.43180 1.87000 7.33309e-03 7.24818e-03 1.86439 0.63213
4FGL_J1018.4+2210 154.61850 22.17200 0.07820 0.07260 -13.13000 1.34528e-03 6.79581e-04 0.01372 0.33471
4FGL_J1019.3+5625 154.84399 56.41890 0.13080 0.12300 -73.15000 6.65666e-03 4.65841e-03 0.00172 0.14268
4FGL_J1028.4-1539 157.10440 -15.65550 0.37720 0.23220 -11.32000 -1.79310e-04 4.53031e-04 2.22350 0.23234
4FGL_J1029.4-0828 157.36160 -8.46690 0.18400 0.14360 -42.12000 -4.87604e-04 3.49381e-04 2.41463 0.18841
4FGL_J1029.9+7335 157.48000 73.58710 0.14560 0.13000 77.45000 3.15079e-03 4.01552e-03 1.24004 1.14266
4FGL_J1030.7+6118 157.67920 61.31020 0.18420 0.16220 12.92000 2.05171e-04 1.74098e-03 2.68262 0.25773
4FGL_J1036.5-1809 159.14380 -18.15640 0.27500 0.22480 -88.72000 4.47242e-04 2.57247e-03 2.72084 0.23062
4FGL_J1039.2+3258 159.81290 32.97480 0.17180 0.15280 -73.02000 9.06389e-04 2.04066e-03 2.38104 0.20717
4FGL_J1043.0+5316 160.75790 53.27170 0.39720 0.28560 -86.03000 6.54597e-05 2.82783e-03 2.83392 0.22423
4FGL_J1047.2+6740 161.82001 67.67350 0.16720 0.12120 -37.67000 6.40296e-04 1.04546e-03 1.75005 0.35853
4FGL_J1049.8+2741 162.45740 27.68460 0.12200 0.09620 -57.44000 -9.26933e-05 4.38017e-04 2.02505 0.21881
4FGL_J1055.6-0719 163.90530 -7.31930 0.30060 0.27280 22.21000 9.13288e-03 7.45556e-03 1.76155 0.69368
4FGL_J1055.7-1807 163.94881 -18.12080 0.15580 0.15100 -52.08000 -7.57596e-05 7.06327e-04 2.16806 0.38282
4FGL_J1059.4+2148 164.85190 21.81390 0.16720 0.12840 78.99000 -3.06309e-04 7.96719e-04 2.54630 0.29975
4FGL_J1059.4+0226 164.86929 2.44110 0.13160 0.11080 28.30000 1.43452e-03 2.26091e-03 2.21022 0.31732
4FGL_J1100.0-2044 165.01700 -20.74390 0.17180 0.16160 -3.58000 3.09212e-03 3.79936e-03 1.77954 0.48759
4FGL_J1102.4+0246 165.62450 2.77540 0.29600 0.20500 64.22000 2.16040e-02 1.30434e-03 0.27501 0.34586
4FGL_J1105.1-2600 166.28720 -26.00190 0.15580 0.13100 27.55000 4.52870e-03 3.34870e-03 1.68884 0.44896
4FGL_J1105.3-0626 166.34550 -6.44830 0.10760 0.09620 27.18000 2.81698e-03 9.45395e-04 0.00010 0.01915
4FGL_J1106.2+7303 166.55510 73.05160 0.41460 0.31740 12.77000 -5.92641e-04 7.76309e-04 2.96703 0.21764
4FGL_J1106.7+3623 166.68790 36.39950 0.32520 0.25060 -46.82000 -1.25705e-04 2.01443e-03 2.79938 0.29019
4FGL_J1106.7-1742 166.69901 -17.71480 0.10840 0.09340 38.96000 1.17771e-02 4.06675e-03 0.78672 0.47282
4FGL_J1109.8+4406 167.46030 44.10190 0.25020 0.24740 -20.92000 5.17567e-03 8.14671e-03 2.73634 0.38749
4FGL_J1111.4+0137 167.85049 1.62910 0.24220 0.20700 -63.92000 1.83098e-03 3.39312e-03 1.90830 0.71736
4FGL_J1114.6+1225 168.66400 12.41840 0.18900 0.16300 89.15000 1.59954e-02 3.13594e-03 0.00233 0.09121
4FGL_J1119.9-1007 169.98599 -10.12880 0.23700 0.18120 -19.76000 4.88255e-03 3.88116e-03 1.47693 0.54043
4FGL_J1120.0-2204 170.00160 -22.07790 0.04600 0.04440 53.53000 1.69711e-02 1.82690e-03 0.68183 0.15508
4FGL_J1120.1-2645 170.03889 -26.76450 0.08820 0.07500 -50.51000 5.14263e-04 6.05500e-04 1.86065 0.17478
4FGL_J1122.0-0231 170.50500 -2.51880 0.24740 0.18840 86.46000 -5.81418e-04 2.62139e-04 2.55488 0.16740
4FGL_J1122.5-1440 170.64079 -14.67690 0.19420 0.16640 71.62000 -1.82897e-04 8.57921e-04 2.57640 0.16635
4FGL_J1125.2+2557 171.30830 25.95400 0.39420 0.27640 31.84000 3.59622e-02 4.42878e-02 1.17781 1.76347
4FGL_J1146.0-0638 176.50160 -6.63810 0.07120 0.06720 -70.29000 6.32139e-04 5.03969e-04 1.47398 0.22549
4FGL_J1155.2-1111 178.81950 -11.18900 0.09440 0.08280 -30.41000 2.89770e-03 2.77969e-03 1.00842 0.88026
4FGL_J1158.8-1430 179.70880 -14.50110 0.19100 0.13340 -51.42000 1.05257e-04 4.66983e-04 1.77738 0.31104
4FGL_J1203.5-1748 180.88110 -17.80220 0.15640 0.14200 -3.38000 8.00656e-03 4.20394e-03 1.20706 0.55319
4FGL_J1207.4-1840 181.86140 -18.66770 0.13820 0.12800 42.39000 5.17933e-03 4.22367e-03 1.33118 0.64755
4FGL_J1208.2+1158 182.06970 11.97340 0.11380 0.11260 52.79000 2.44736e-03 2.90533e-03 1.62146 0.57809
4FGL_J1214.5-2318 183.62511 -23.31130 0.14080 0.11020 -60.35000 4.96401e-03 2.92062e-03 1.18558 0.53114
4FGL_J1216.2+0537 184.06120 5.62480 0.26040 0.21940 33.58000 2.11064e-03 2.69665e-03 1.75753 0.51985
4FGL_J1216.2-0600 184.06281 -6.00520 0.17460 0.14320 -50.50000 1.79991e-03 2.06205e-03 2.38181 0.17981
4FGL_J1216.4-1358 184.10580 -13.97420 0.11320 0.10380 57.03000 -9.65001e-05 4.19387e-04 2.06798 0.23148
4FGL_J1217.2-2500 184.32069 -25.00700 0.23280 0.21720 -73.38000 1.79072e-02 9.30174e-03 0.46296 0.94915
4FGL_J1218.6-1049 184.66209 -10.82720 0.52580 0.41940 -42.63000 4.18980e-02 2.05824e-02 0.72687 1.02955
4FGL_J1220.1-2458 185.04730 -24.97300 0.09980 0.08360 -9.81000 6.87341e-04 6.54272e-04 1.61499 0.27444
4FGL_J1220.5-2745 185.14549 -27.76550 0.27460 0.21700 -27.89000 2.17888e-03 3.50877e-03 2.44550 0.31759
4FGL_J1221.4-0634 185.37010 -6.58310 0.08860 0.08380 -56.80000 1.01726e-02 3.37880e-03 1.13495 0.34932
4FGL_J1224.6+7011 186.17360 70.19650 0.21380 0.16200 20.45000 -6.60536e-04 6.05610e-04 3.04370 0.12057
4FGL_J1225.9+2951 186.49020 29.85960 0.05400 0.05020 -84.78000 1.02829e-02 1.80641e-03 0.74199 0.22242
4FGL_J1233.0+1333 188.25980 13.55620 0.15100 0.12720 -73.47000 5.53493e-03 3.51565e-03 1.99637 0.31201
4FGL_J1243.7+1727 190.93010 17.45800 0.13000 0.11480 -41.33000 1.96415e-03 2.23316e-03 1.13140 0.79783
4FGL_J1252.7-2520 193.17630 -25.34950 0.36700 0.30600 -87.42000 2.81082e-03 5.43736e-03 2.58137 0.47919
4FGL_J1256.8+5329 194.20590 53.48540 0.16640 0.16180 -57.39000 3.27285e-03 3.61004e-03 2.40040 0.30931
4FGL_J1258.4+6554 194.61411 65.90320 0.17460 0.15860 -5.53000 2.07239e-03 3.28172e-03 1.71720 0.80077
4FGL_J1304.4+1203 196.11530 12.06160 0.16220 0.14900 71.11000 2.39926e-02 2.35419e-03 0.00001 0.00315
4FGL_J1304.6+0539 196.16470 5.66650 0.28220 0.19140 -89.87000 1.58563e-02 1.10575e-02 0.39746 1.21125
4FGL_J1308.7+0347 197.19870 3.78420 0.13040 0.11020 58.21000 5.74275e-03 3.84748e-03 1.18878 0.56941
4FGL_J1309.3+8035 197.33250 80.58650 0.46760 0.25640 49.67000 -1.14274e-04 8.93828e-04 2.42217 0.29116
4FGL_J1317.5-0153 199.37590 -1.89610 0.25740 0.23040 52.72000 1.65382e-02 1.07438e-03 0.31571 0.26283
4FGL_J1318.3-1148 199.59790 -11.80870 0.44220 0.19680 -28.71000 1.32355e-03 1.70077e-03 1.72940 0.39515
4FGL_J1326.0+3507 201.50079 35.12180 0.17900 0.16420 17.24000 3.87487e-03 4.25066e-03 1.68246 0.60607
4FGL_J1345.9-2612 206.48151 -26.21160 0.12620 0.10980 -82.01000 2.47007e-02 8.97398e-04 -0.40226 0.21328
4FGL_J1346.5+5330 206.64760 53.50170 0.23260 0.20140 1.03000 4.46109e-03 3.75333e-03 2.48324 0.23596
4FGL_J1347.4+7309 206.85570 73.15450 0.50620 0.39900 -56.33000 1.17085e-03 4.23968e-03 2.80735 0.31613
4FGL_J1350.9-2757 207.73320 -27.95340 0.67360 0.22260 -84.85000 1.10822e-02 6.89514e-03 1.09072 0.83711
4FGL_J1356.6+0234 209.16389 2.57730 0.17880 0.13560 -48.44000 1.69443e-02 7.68518e-03 0.62580 0.77386
4FGL_J1359.9+3616 209.99049 36.28260 0.36180 0.26280 -71.59000 9.56563e-03 8.26602e-03 2.23254 0.43022
4FGL_J1400.0-2415 210.02060 -24.26600 0.10260 0.08640 15.58000 1.30437e-02 3.47500e-03 0.47473 0.41264
4FGL_J1400.6-1432 210.15810 -14.54700 0.08620 0.07960 80.55000 1.24878e-02 2.67082e-03 1.05609 0.26059
4FGL_J1402.7+1306 210.69189 13.10720 0.19740 0.16820 89.51000 2.03621e-02 2.22496e-03 0.00008 0.01025
4FGL_J1405.9-1853 211.47890 -18.89410 0.09120 0.08520 79.07000 2.72000e-03 2.57428e-03 1.03873 0.80598
4FGL_J1407.4-0820 211.87300 -8.34200 0.24600 0.20620 -18.19000 1.11841e-03 1.38144e-02 2.53723 1.26050
4FGL_J1408.0+3834 212.01700 38.58060 0.20580 0.17120 27.22000 1.48105e-03 1.95956e-03 1.50794 0.59427
4FGL_J1408.6-2917 212.16270 -29.29130 0.25780 0.22400 10.75000 9.50633e-03 5.45500e-03 2.29188 0.28419
4FGL_J1410.7+7405 212.68690 74.08990 0.05000 0.04880 -86.26000 2.83417e-03 1.04827e-03 1.08947 0.25693
4FGL_J1415.9-1504 213.98849 -15.07100 0.23520 0.19240 -75.20000 3.60027e-03 3.37794e-03 1.42367 0.63930
4FGL_J1420.9-2431 215.24181 -24.52820 0.11840 0.11480 56.89000 3.97872e-03 2.69177e-03 1.63243 0.38758
4FGL_J1429.8-0739 217.45120 -7.65060 0.32020 0.20700 26.81000 2.05744e-02 1.94368e-02 0.07371 2.12808
4FGL_J1441.4-1934 220.35040 -19.57830 0.07100 0.06920 70.35000 5.81699e-03 6.11607e-03 0.05225 1.87394
4FGL_J1442.0+0732 220.52090 7.54660 0.25820 0.18960 60.83000 2.59474e-03 4.30648e-03 2.09795 0.55241
4FGL_J1442.1-2800 220.53920 -28.00640 0.24580 0.22540 32.98000 2.05856e-02 7.24533e-03 1.29498 0.47189
4FGL_J1444.1+7601 221.03740 76.02960 0.17320 0.13140 -84.76000 4.68631e-03 3.63643e-03 1.25728 0.59620
4FGL_J1444.8+3645 221.20340 36.75750 0.24980 0.24160 -0.55000 1.65918e-02 9.15920e-03 1.00098 0.83499
4FGL_J1450.8-1424 222.71080 -14.40590 0.14900 0.13840 -78.46000 1.38751e-02 6.76197e-03 0.42609 0.88877
4FGL_J1458.8-2120 224.70329 -21.33880 0.09140 0.08440 -74.54000 1.18719e-02 3.58864e-03 0.67529 0.42614
4FGL_J1500.2+2640 225.05611 26.67890 0.33360 0.26040 63.75000 3.12984e-02 1.44009e-03 0.42453 0.25246
4FGL_J1504.6+4343 226.15970 43.72220 0.25780 0.14040 10.12000 7.04203e-04 1.14233e-03 1.61955 0.52398
4FGL_J1507.1-1901 226.78860 -19.03080 0.38280 0.27660 -66.12000 -1.41075e-05 2.41678e-03 2.76148 0.18202
4FGL_J1513.7-1519 228.44450 -15.33310 0.10980 0.09520 31.30000 7.15218e-03 3.43222e-03 1.01657 0.47938
4FGL_J1514.8+4448 228.71930 44.81050 0.07540 0.06560 -25.95000 4.12743e-03 1.60352e-03 1.95466 0.15712
4FGL_J1519.7+6727 229.94270 67.45810 0.11000 0.09620 -7.31000 1.02418e-03 1.37135e-03 1.77989 0.35396
4FGL_J1526.6-2743 231.67090 -27.73270 0.12400 0.10700 47.08000 1.92864e-02 1.33858e-02 0.00081 0.15001
4FGL_J1527.8+1013 231.97090 10.22860 0.19540 0.15020 36.22000 2.47560e-02 2.12727e-03 0.00004 0.00592
4FGL_J1528.4+2004 232.11670 20.07560 0.08540 0.08180 31.42000 -6.75786e-05 5.06234e-04 2.04543 0.29715
4FGL_J1530.0-1522 232.50110 -15.37590 0.16580 0.16180 -82.63000 2.00647e-02 6.79194e-03 0.21523 0.72509
4FGL_J1530.5+5850 232.64560 58.83520 0.39620 0.28400 -26.79000 -1.39217e-04 1.99773e-03 2.58716 0.21111
4FGL_J1531.6+0406 232.92329 4.11430 0.13320 0.11640 -34.84000 3.17717e-03 2.86767e-03 1.58423 0.48140
4FGL_J1535.9+3743 233.98260 37.72490 0.08800 0.07920 68.13000 1.06508e-02 3.30076e-03 1.57746 0.25403
4FGL_J1538.9+0425 234.73450 4.43210 0.18020 0.15020 -75.05000 1.46735e-03 2.20660e-03 2.12034 0.31118
4FGL_J1539.1+1008 234.79280 10.13450 0.28560 0.25820 10.35000 2.84238e-03 3.93125e-03 2.34907 0.34921
4FGL_J1543.6-0244 235.90770 -2.74710 0.11240 0.10240 -59.27000 1.71835e-02 4.28647e-03 1.00350 0.32700
4FGL_J1544.2-2554 236.05231 -25.91250 0.08260 0.07380 33.69000 1.15670e-02 2.85439e-03 1.26483 0.26341
4FGL_J1544.9+3218 236.23900 32.30350 0.14560 0.12040 -51.71000 -5.46523e-04 2.02589e-04 2.35209 0.19838
4FGL_J1550.6+6027 237.66440 60.46160 0.07540 0.06700 30.04000 1.97221e-04 4.01125e-04 1.80295 0.20612
4FGL_J1554.2+2008 238.55330 20.14810 0.08360 0.07500 21.96000 5.10500e-04 5.79667e-04 1.59505 0.23793
4FGL_J1555.2+7103 238.82130 71.06150 0.16720 0.13620 -47.14000 1.19484e-02 5.26720e-03 0.73801 0.61020
4FGL_J1557.2+3822 239.31441 38.37880 0.18700 0.16640 -8.52000 2.47495e-03 2.66567e-03 1.38753 0.58714
4FGL_J1602.2+2305 240.55760 23.09690 0.09200 0.08260 -66.01000 1.51015e-02 5.07566e-03 0.21614 0.62989
4FGL_J1603.6-0451 240.91750 -4.86030 0.21300 0.14880 -10.11000 1.58559e-03 2.07576e-03 2.20912 0.29083
4FGL_J1606.6+1324 241.66811 13.40420 0.16340 0.15880 -89.97000 3.84594e-03 3.88480e-03 1.99103 0.42084
4FGL_J1608.4+0055 242.11700 0.91950 0.14460 0.13960 -60.94000 -3.79129e-04 3.85419e-04 2.53776 0.13462
4FGL_J1612.1+1407 243.03130 14.11680 0.10880 0.09200 14.10000 1.69748e-02 4.94943e-03 0.04240 0.59516
4FGL_J1612.4+0409 243.11020 4.15560 0.21800 0.17000 -52.38000 8.02975e-03 4.74229e-03 1.06544 0.69591
4FGL_J1615.3-1512 243.83340 -15.20980 0.19460 0.13420 55.60000 5.71367e-03 3.02385e-03 0.97271 0.55011
4FGL_J1621.0-2625 245.26891 -26.42770 0.34860 0.24480 16.28000 1.05446e-02 5.82326e-03 1.57693 0.47601
4FGL_J1623.7-2315 245.92731 -23.25560 0.15480 0.13720 -43.61000 -2.26063e-04 3.72012e-04 2.41205 0.14815
4FGL_J1625.3-2338 246.32930 -23.64260 0.47260 0.38160 27.11000 5.05655e-02 1.92379e-02 0.00007 0.02849
4FGL_J1626.5+6257 246.64380 62.95850 0.08840 0.07700 7.72000 3.34721e-04 7.14641e-04 1.87929 0.26323
4FGL_J1627.7+3219 246.94000 32.32130 0.08480 0.08080 72.66000 1.70995e-02 4.16901e-03 0.17491 0.47658
4FGL_J1630.1-1049 247.52890 -10.81830 0.11280 0.09900 -49.97000 1.75610e-02 4.04501e-03 0.00031 0.02625
4FGL_J1631.8+4144 247.95399 41.74950 0.09760 0.08900 -13.03000 7.65004e-04 8.78008e-04 1.44171 0.38785
4FGL_J1632.5+3839 248.13080 38.65850 0.12260 0.11060 88.33000 1.14008e-02 3.55942e-03 0.79141 0.50230
4FGL_J1634.7+0235 248.68449 2.58380 0.17860 0.14160 -81.28000 1.77744e-02 1.11759e-03 0.00072 0.02257
4FGL_J1635.3+4258 248.84579 42.97560 0.12300 0.10820 -60.72000 9.49959e-03 4.26143e-03 0.87958 0.56244
4FGL_J1637.5+3005 249.39540 30.08740 0.27800 0.25660 -24.75000 3.42224e-03 4.52671e-03 2.43405 0.37690
4FGL_J1639.0-2727 249.76801 -27.46430 0.19020 0.14040 -15.91000 1.69971e-03 2.14062e-03 2.32930 0.25909
4FGL_J1641.3-2908 250.33900 -29.13930 0.18420 0.15800 6.99000 1.11622e-02 3.85660e-03 1.75305 0.27398
4FGL_J1641.5+2017 250.37910 20.29400 0.14540 0.12000 -84.57000 9.43412e-05 4.63883e-04 1.51379 0.44694
4FGL_J1643.1+1436 250.77769 14.60210 0.86380 0.54680 64.16000 6.22187e-03 5.80043e-03 2.33076 0.39729
4FGL_J1644.8+1850 251.20480 18.83750 0.22380 0.12060 -22.76000 3.86241e-03 2.49603e-03 1.16852 0.51308
4FGL_J1645.0+1654 251.26820 16.90480 0.27060 0.16900 -80.78000 1.97221e-03 2.53953e-03 1.83817 0.47617
4FGL_J1646.7-2154 251.68510 -21.90750 0.15840 0.13800 31.88000 2.22203e-02 1.10694e-02 0.66347 0.98421
4FGL_J1648.1-1547 252.02740 -15.79300 0.08580 0.08280 -20.31000 4.29506e-04 7.02641e-04 1.36399 0.47509
4FGL_J1648.7+4834 252.19150 48.56710 0.17100 0.15980 -25.78000 3.26802e-03 3.76094e-03 1.38968 0.87225
4FGL_J1653.0+3640 253.25140 36.68140 0.17620 0.14300 37.84000 1.10562e-02 3.09184e-03 0.00000 0.00125
4FGL_J1656.4-0410 254.11940 -4.17020 0.10440 0.09420 -21.53000 1.11209e-02 1.03071e-02 0.68302 1.36814
4FGL_J1656.5-2733 254.14391 -27.56060 0.11280 0.10600 49.27000 2.17360e-02 4.19228e-03 0.00003 0.00735
4FGL_J1659.0-0140 254.76550 -1.67750 0.09300 0.08580 -88.90000 1.16223e-02 5.44804e-03 0.67442 0.68438
4FGL_J1659.2-1443 254.80710 -14.73000 0.13340 0.10840 -68.06000 1.02267e-02 4.11869e-03 1.00814 0.55465
4FGL_J1659.9-0122 254.97910 -1.37220 0.23400 0.18440 -76.29000 7.16443e-03 1.93446e-02 1.95120 1.88576
4FGL_J1702.3-2525 255.58760 -25.42130 0.10960 0.08700 -59.41000 3.27277e-03 1.72989e-03 1.40371 0.33540
4FGL_J1703.6-2850 255.91460 -28.83460 0.09080 0.07840 -87.43000 8.21882e-03 2.19137e-03 1.36089 0.25064
4FGL_J1708.8-0923 257.20041 -9.39430 0.23320 0.19520 -86.64000 7.52963e-03 4.37205e-03 1.78551 0.47727
4FGL_J1709.4-2127 257.35571 -21.45640 0.16800 0.11360 -67.32000 9.36137e-03 2.15780e-03 0.00223 0.06274
4FGL_J1709.4-0328 257.37469 -3.47100 0.13320 0.11860 28.64000 3.15435e-03 2.14716e-03 2.24607 0.21071
4FGL_J1709.9-0900 257.48340 -9.01440 0.22240 0.16460 -41.48000 2.51130e-02 1.17574e-02 0.35333 1.05380
4FGL_J1710.0+4629 257.50870 46.48420 0.16420 0.13660 -70.01000 1.06507e-03 1.95026e-03 2.13816 0.37120
4FGL_J1710.8+1135 257.71060 11.59930 0.51160 0.44580 -40.79000 5.51882e-02 3.67829e-03 0.62606 0.36108
4FGL_J1711.4-2526 257.85550 -25.43360 0.19880 0.13340 9.87000 4.72440e-03 5.45544e-03 2.01307 0.55962
4FGL_J1711.9-1922 257.97760 -19.36760 0.08280 0.07980 -27.05000 1.05092e-02 2.83160e-03 0.73083 0.38801
4FGL_J1714.8-1421 258.71530 -14.36640 0.16680 0.13160 -65.02000 1.31274e-02 1.29041e-02 0.09429 1.66924
4FGL_J1716.1+2309 259.03461 23.15520 0.07600 0.07000 13.18000 1.65941e-03 1.07542e-03 1.49090 0.28410
4FGL_J1717.8+1955 259.45361 19.91730 0.13540 0.12380 -81.35000 2.31974e-04 1.23743e-03 2.51860 0.17639
4FGL_J1719.4-2916 259.86221 -29.27340 0.23460 0.15760 -22.74000 1.83823e-02 7.95237e-03 0.91722 0.68820
4FGL_J1720.6+0708 260.16379 7.14690 0.11260 0.10240 53.91000 1.25225e-02 2.80310e-03 1.13081 0.26132
4FGL_J1721.4+2529 260.35281 25.49030 0.60700 0.41980 37.78000 -5.47551e-04 1.40488e-03 2.85098 0.16340
4FGL_J1721.4+1131 260.35751 11.52880 0.20620 0.13420 21.69000 8.42244e-05 8.03026e-04 2.36133 0.21302
4FGL_J1722.8-0418 260.71149 -4.30330 0.08240 0.07680 -16.03000 6.13918e-03 3.83487e-03 1.64634 0.40464
4FGL_J1723.1-2859 260.79581 -28.99570 0.21620 0.19740 -16.36000 1.17964e-02 1.57261e-02 1.53713 1.48824
4FGL_J1723.5-0501e 260.88501 -5.03200 nan nan nan -1.24278e-04 1.11579e-04 2.02643 0.07658
4FGL_J1725.1-1924 261.29929 -19.40330 0.11780 0.10140 -18.67000 6.42738e-03 3.37559e-03 1.70274 0.37163
4FGL_J1725.5+0840 261.38379 8.66700 0.21000 0.17380 88.99000 1.15840e-03 1.84471e-03 2.36898 0.22332
4FGL_J1726.2-2903 261.55270 -29.05080 0.17780 0.11980 24.93000 9.92887e-03 8.39187e-03 1.07840 1.07306
4FGL_J1726.8-2659 261.71161 -26.99900 0.13800 0.08940 -4.91000 1.87398e-03 1.88863e-03 2.09228 0.31490
4FGL_J1727.4+0326 261.86310 3.44980 0.10700 0.09980 0.24000 5.04244e-03 2.90436e-03 1.52524 0.38681
4FGL_J1727.6-2304 261.90839 -23.07350 0.08960 0.08140 -61.08000 4.65524e-03 2.35080e-03 1.60424 0.37243
4FGL_J1727.6-0849 261.91599 -8.81830 0.26320 0.19360 -58.65000 1.85555e-02 2.17003e-02 1.33162 1.40601
4FGL_J1728.1-1610 262.03809 -16.16700 0.14080 0.13040 89.66000 1.70756e-02 1.02212e-02 0.45266 1.21838
4FGL_J1729.4-2831 262.35089 -28.52350 0.25220 0.18440 -43.30000 1.83095e-02 5.17010e-03 0.85279 0.47368
4FGL_J1730.3-2913 262.57681 -29.23020 0.15640 0.09600 20.80000 1.48998e-02 3.44863e-03 0.00011 0.01587
4FGL_J1730.4-0359 262.60861 -3.99230 0.07360 0.06160 88.82000 1.68333e-02 2.42803e-03 0.36277 0.26689
4FGL_J1730.8-1123 262.72229 -11.39840 0.12080 0.09280 -88.94000 1.96418e-03 1.66298e-03 1.12276 0.57054
4FGL_J1731.7-1850 262.92569 -18.83420 0.25900 0.23000 -77.55000 2.77875e-02 1.60972e-03 0.56559 0.29946
4FGL_J1732.0-2659 263.00009 -26.98900 0.14660 0.10300 58.14000 5.55419e-03 1.04770e-02 1.50141 1.47206
4FGL_J1732.7-2559 263.19211 -25.98470 0.24160 0.20480 16.40000 8.41399e-03 5.30890e-03 1.66453 0.49307
4FGL_J1733.2-2915 263.30710 -29.25710 0.12320 0.09080 30.01000 5.27273e-03 4.57943e-03 1.85412 0.51511
4FGL_J1733.4+2235 263.36880 22.58510 0.18400 0.14720 52.15000 1.66764e-02 1.02659e-03 0.01810 0.12272
4FGL_J1733.6-2431 263.42230 -24.51800 0.26520 0.15940 -76.52000 1.94382e-02 5.91717e-03 0.67763 0.56011
4FGL_J1733.9-2220 263.49490 -22.33390 0.37400 0.33700 19.92000 3.96123e-02 5.81861e-03 0.32543 1.90077
4FGL_J1734.0-2933 263.51279 -29.55080 0.10520 0.09160 -57.37000 9.46588e-03 1.03480e-03 1.09537 0.20601
4FGL_J1734.5-2818 263.64801 -28.30220 0.13160 0.11180 12.18000 2.65265e-02 7.26694e-03 0.30212 0.65724
4FGL_J1735.2-1640 263.80130 -16.66670 0.14420 0.12840 -56.51000 1.83240e-03 1.62437e-03 2.03994 0.25141
4FGL_J1735.3-0717 263.84009 -7.28530 0.13040 0.09920 69.83000 8.17230e-03 4.78999e-03 1.84492 0.35582
4FGL_J1736.3-2929 264.09290 -29.48680 0.19040 0.11320 -20.82000 7.45472e-03 4.12966e-03 1.68319 0.50439
4FGL_J1737.2-2421 264.30801 -24.36630 0.11080 0.09540 79.60000 2.29233e-05 1.36183e-03 2.27002 0.15559
4FGL_J1737.6-2350 264.42340 -23.84680 0.31380 0.16640 62.37000 3.79195e-03 2.68587e-03 1.86964 0.36226
4FGL_J1738.0+0236 264.50650 2.61160 0.22960 0.18280 -33.42000 -1.42157e-04 1.85921e-03 2.62181 0.15380
4FGL_J1738.1-2453 264.54251 -24.89370 0.15500 0.11660 7.17000 2.92986e-02 1.62680e-03 0.40820 0.21650
4FGL_J1739.1-1059 264.78360 -10.99480 0.20840 0.19160 -63.55000 2.96350e-02 1.04746e-02 0.00007 0.02149
4FGL_J1739.2-2717 264.81812 -27.29510 0.14720 0.12900 83.86000 7.48579e-03 6.77287e-03 1.72473 0.90878
4FGL_J1739.3-2531 264.83661 -25.52620 0.09680 0.07600 70.54000 1.29389e-02 7.06322e-03 1.13327 0.85376
4FGL_J1739.5-2929 264.87750 -29.48580 0.20020 0.15100 -0.27000 1.89046e-02 9.70120e-04 0.68699 0.27515
4FGL_J1739.7-2836 264.93491 -28.60230 0.09420 0.07760 -57.54000 1.24009e-02 6.86208e-04 0.67181 0.27031
4FGL_J1740.1-1928 265.03061 -19.47900 0.30780 0.24780 -26.67000 9.67653e-03 8.48094e-03 1.91208 0.65796
4FGL_J1740.4-2850 265.12189 -28.84680 0.09660 0.06960 4.22000 7.49073e-03 2.08393e-03 1.16824 0.34854
4FGL_J1740.7-2640 265.18570 -26.67700 0.11420 0.09520 -22.43000 1.77993e-02 3.14613e-03 0.27066 0.43483
4FGL_J1741.5-2344 265.38879 -23.74780 0.23200 0.19100 89.98000 1.88968e-02 8.11355e-03 0.74185 0.84092
4FGL_J1741.6-2730 265.41241 -27.50980 0.23380 0.13940 77.61000 1.54568e-02 7.68841e-03 1.27807 0.68477
4FGL_J1742.5-2833 265.63351 -28.55880 0.25020 0.12660 8.37000 1.01023e-02 9.43889e-03 1.38525 1.57841
4FGL_J1742.8-2246 265.72449 -22.77180 0.15140 0.11240 -81.39000 1.88824e-02 4.64026e-03 1.03632 0.37328
4FGL_J1743.4-2406 265.86761 -24.10400 0.13720 0.13580 26.97000 7.37840e-03 3.88441e-03 1.86446 0.42278
4FGL_J1744.0-1311 266.01889 -13.19090 0.09040 0.08300 43.10000 9.19616e-03 3.29625e-03 1.04403 0.42894
4FGL_J1744.7-1557 266.17679 -15.96250 0.12500 0.10300 28.32000 1.20175e-02 3.90469e-03 1.17722 0.39052
4FGL_J1744.9-2153 266.23761 -21.89140 0.18080 0.12600 32.16000 4.48989e-03 1.10123e-02 1.96821 1.16395
4FGL_J1745.3+2338 266.34479 23.63430 0.56000 0.37160 59.63000 -6.27696e-04 9.03915e-04 2.73404 0.13363
4FGL_J1746.1-2541 266.54810 -25.68810 0.10800 0.10120 88.53000 6.66031e-03 4.43583e-03 1.69679 0.60346
4FGL_J1746.5-2019 266.62619 -20.32770 0.17080 0.11820 5.78000 1.22640e-02 9.10924e-03 1.64284 0.84908
4FGL_J1747.6+0324 266.90509 3.40730 0.09220 0.08200 -69.86000 5.02177e-03 1.99740e-03 1.54413 0.27872
4FGL_J1747.7-2141 266.93991 -21.68970 0.14580 0.12760 -70.23000 2.01288e-03 1.08023e-02 2.42225 0.95213
4FGL_J1747.8-0316 266.96121 -3.27040 0.09280 0.08560 -8.78000 1.50123e-03 1.49015e-03 1.45933 0.53240
4FGL_J1748.2-1942 267.07129 -19.70650 0.09840 0.09160 14.07000 5.72007e-04 1.48932e-03 2.30463 0.13143
4FGL_J1748.3-2906 267.09549 -29.10610 0.06960 0.05760 -53.60000 1.23874e-02 2.04762e-03 0.74379 0.32338
4FGL_J1748.4+1601 267.10861 16.02210 0.34740 0.30060 44.16000 1.57322e-02 6.05051e-03 1.02469 0.51076
4FGL_J1749.0-2327 267.25180 -23.45540 0.30100 0.17640 87.82000 2.94799e-02 1.47949e-02 0.96957 0.82685
4FGL_J1749.8-0303 267.46219 -3.05180 0.10240 0.09880 -6.34000 6.69414e-03 2.30440e-03 1.95234 0.19986
4FGL_J1750.4-1721 267.60321 -17.36060 0.20800 0.19020 -25.99000 1.44246e-02 8.06476e-03 1.22687 0.70384
4FGL_J1750.6-1906 267.66440 -19.11010 0.11340 0.09860 -0.50000 5.21504e-03 3.23339e-03 2.00113 0.34063
4FGL_J1751.6-1750 267.90640 -17.83800 0.10080 0.09980 4.65000 4.32867e-04 1.22486e-03 2.21879 0.13727
4FGL_J1752.0+3606 268.01700 36.11650 0.15660 0.14500 23.22000 2.72846e-03 2.47965e-03 1.34046 0.52611
4FGL_J1752.3-2914 268.07721 -29.24920 0.11100 0.08080 -52.04000 1.19039e-02 1.16659e-02 1.59413 1.32245
4FGL_J1753.8-2538 268.46011 -25.64020 0.03180 0.02960 -54.28000 4.39027e-03 7.38277e-04 1.68907 0.11548
4FGL_J1753.9+2443 268.49561 24.72970 0.08920 0.07680 68.58000 2.21190e-03 1.35003e-03 1.71547 0.25248
4FGL_J1754.6-2933 268.66309 -29.55180 0.11520 0.08360 -78.37000 1.87939e-02 2.96682e-03 0.47482 0.31828
4FGL_J1756.3+0236 269.08829 2.61440 0.31600 0.23560 -56.40000 8.63850e-03 2.31714e-02 2.42552 1.34334
4FGL_J1757.1-2848 269.29721 -28.80210 0.14600 0.11900 -89.38000 1.00629e-02 1.16837e-02 1.29547 1.38946
4FGL_J1757.6-2731 269.40121 -27.52820 0.24620 0.15560 -46.31000 1.33218e-02 2.40741e-03 0.79367 0.35145
4FGL_J1758.0-2953 269.51050 -29.88930 0.12620 0.10120 -88.66000 1.65211e-02 3.06585e-03 0.00051 0.03212
4FGL_J1758.3-1920 269.59619 -19.34340 0.14080 0.13320 -41.61000 1.15333e-02 9.45961e-03 1.53460 0.75701
4FGL_J1759.0-0107 269.76559 -1.11960 0.42780 0.38080 -39.88000 1.30846e-03 6.90691e-03 2.76303 0.56797
4FGL_J1759.2-0243 269.80460 -2.72880 0.39240 0.36480 21.58000 3.84609e-02 1.89253e-02 0.00100 0.12718
4FGL_J1759.7-2354 269.94629 -23.90330 0.09680 0.07420 73.09000 6.39732e-03 1.71271e-03 1.47892 0.27863
4FGL_J1759.8-1250 269.95840 -12.83880 0.12660 0.11140 -34.57000 5.99952e-03 4.21387e-03 1.69398 0.49974
4FGL_J1800.1-0323 270.04150 -3.39750 0.14160 0.13240 -52.00000 6.10250e-03 4.06299e-03 1.84011 0.51942
4FGL_J1800.2-2952 270.05341 -29.87140 0.22180 0.16260 57.21000 2.46603e-02 1.39175e-02 0.00320 0.29644
4FGL_J1800.2-2403 270.06119 -24.06570 0.08140 0.06680 63.13000 4.11516e-05 3.15436e-04 2.08953 0.21393
4FGL_J1800.5-2910 270.12540 -29.17350 0.14000 0.10300 -28.07000 9.52227e-03 1.43362e-02 1.39663 1.60198
4FGL_J1800.9-2407 270.23541 -24.13330 0.07260 0.06120 10.55000 3.40333e-03 1.92743e-03 1.78701 0.34471
4FGL_J1801.0-2802 270.26208 -28.03930 0.13340 0.12220 84.43000 1.96428e-02 8.20979e-03 0.59483 0.79048
4FGL_J1801.1-2626 270.29221 -26.43980 0.08940 0.07780 28.49000 1.28998e-02 1.80514e-03 0.00000 0.00014
4FGL_J1801.8-2358 270.45450 -23.98270 0.07580 0.05760 -54.58000 -8.10788e-05 1.96222e-04 2.28627 0.09552
4FGL_J1802.1-2652 270.54379 -26.87140 0.15060 0.13120 -31.34000 1.56062e-02 6.68163e-03 0.82060 0.70409
4FGL_J1802.4+3634 270.60349 36.57730 0.27400 0.21400 31.43000 2.42860e-02 2.75583e-02 0.00091 0.22881
4FGL_J1803.1-2724 270.78030 -27.41640 0.20280 0.09020 -28.23000 6.80894e-03 4.11903e-03 1.65694 0.43192
4FGL_J1803.2+1402 270.80121 14.03610 0.16520 0.14440 -3.70000 1.33236e-02 4.97760e-03 0.81662 0.55061
4FGL_J1803.3+2425 270.83521 24.42750 0.35120 0.28100 -75.86000 1.28786e-02 1.77563e-02 2.32463 0.70480
4FGL_J1803.5-1639 270.88690 -16.65590 0.38760 0.29060 -30.06000 3.35146e-02 1.99173e-02 0.02097 0.95323
4FGL_J1803.8-2908 270.96121 -29.14620 0.18440 0.18140 16.51000 2.69898e-02 1.35192e-03 0.70788 0.23575
4FGL_J1804.0-1124 271.00339 -11.40270 0.37220 0.26820 -76.80000 2.63806e-02 1.40485e-03 0.29184 0.32240
4FGL_J1804.4-0852 271.11819 -8.86940 0.07800 0.06980 -25.45000 3.00650e-03 1.59613e-03 2.09741 0.22242
4FGL_J1804.9-1745 271.23581 -17.75710 0.33800 0.20160 88.52000 1.26747e-02 9.62595e-03 1.64888 0.75037
4FGL_J1805.7+3401 271.42651 34.03100 0.15580 0.13720 9.77000 1.25825e-02 7.92910e-03 1.56959 0.52468
4FGL_J1806.2-1347 271.56110 -13.79340 0.24820 0.14860 74.26000 4.38283e-03 5.20588e-03 2.18293 0.44401
4FGL_J1806.9-2824 271.74490 -28.41580 0.09440 0.07880 -14.03000 3.78172e-04 1.78055e-03 2.33340 0.14961
4FGL_J1807.1+2822 271.79379 28.36750 0.41780 0.34040 61.18000 2.82682e-03 4.07185e-03 2.16590 0.43474
4FGL_J1808.1-1234 272.04568 -12.57530 0.21640 0.20300 -4.22000 1.82919e-02 8.91348e-03 1.15054 0.70692
4FGL_J1808.2-2028e 272.04999 -20.48000 nan nan nan 2.21934e-02 5.80126e-03 0.65962 0.51165
4FGL_J1808.2-1055 272.05820 -10.92220 0.27260 0.21360 -78.06000 3.47327e-02 8.28065e-03 0.56937 2.11999
4FGL_J1809.0-2853 272.26929 -28.88610 0.22000 0.19520 -74.75000 2.15662e-02 1.08858e-02 0.37705 2.22434
4FGL_J1809.2-2726 272.30759 -27.44560 0.14060 0.13820 47.05000 3.24892e-03 5.90152e-03 2.03884 0.83681
4FGL_J1810.3+1332 272.59769 13.54870 0.18000 0.14420 -0.58000 5.65096e-03 4.17690e-03 1.86872 0.40948
4FGL_J1810.5-1415 272.63260 -14.26050 0.19020 0.16760 -29.18000 8.93942e-03 1.40372e-02 1.61090 1.73660
4FGL_J1811.0-2725 272.76431 -27.42200 0.14340 0.11780 59.93000 1.28202e-03 1.86651e-03 2.16947 0.30950
4FGL_J1811.7-1442 272.92569 -14.70420 0.53280 0.20060 40.71000 7.78609e-03 1.08818e-02 1.35511 1.64104
4FGL_J1811.9-2336 272.99240 -23.61330 0.16860 0.13120 74.39000 2.28197e-02 5.36396e-03 0.46713 1.98222
4FGL_J1812.2-0856 273.07458 -8.94740 0.35780 0.19060 -74.99000 4.05059e-02 8.26983e-03 0.38008 1.91816
4FGL_J1813.2-1128 273.30289 -11.48070 0.18380 0.12780 27.14000 8.39739e-03 7.39723e-03 1.61051 0.86709
4FGL_J1813.5+2819 273.39221 28.32630 0.15060 0.10720 75.19000 1.00119e-02 4.83420e-03 0.60312 0.67213
4FGL_J1813.7-1152 273.44760 -11.87360 0.11440 0.09900 -55.66000 4.04853e-03 5.63605e-03 2.00712 0.73377
4FGL_J1814.2-1012 273.56171 -10.21400 0.24400 0.22580 3.14000 3.98186e-02 2.07989e-03 0.71461 0.30364
4FGL_J1814.4+3132 273.62070 31.54360 0.10920 0.08920 -64.88000 2.05278e-02 6.28704e-03 0.02428 0.70243
4FGL_J1814.6-2537 273.67410 -25.62140 0.21600 0.14280 -1.18000 2.09043e-02 6.09794e-03 0.60122 0.56538
4FGL_J1815.1+5917 273.79919 59.29900 0.35640 0.30280 68.91000 3.22997e-02 9.43724e-03 0.95378 0.54647
4FGL_J1815.3-1336 273.84671 -13.60520 0.26480 0.21740 65.89000 1.72794e-02 4.81145e-03 0.94992 0.52633
4FGL_J1815.8-1416 273.97079 -14.27500 0.13140 0.12460 80.92000 7.56756e-03 3.05602e-03 1.72864 0.38167
4FGL_J1816.3-2903 274.08121 -29.05260 0.36240 0.30700 -19.79000 2.56934e-02 1.57976e-03 0.42401 0.33204
4FGL_J1816.4-0057 274.10559 -0.95640 0.22180 0.16060 12.39000 1.17424e-03 1.98238e-03 2.41603 0.29863
4FGL_J1816.4-2727 274.10611 -27.45630 0.15660 0.10580 -7.64000 1.14389e-02 1.07986e-02 1.34877 1.06080
4FGL_J1816.5-1208 274.13290 -12.14480 0.13840 0.10260 10.15000 7.73989e-04 1.65268e-03 2.24619 0.30552
4FGL_J1816.7+1749 274.18771 17.82790 0.10540 0.09840 -4.06000 6.36126e-03 2.63820e-03 1.32545 0.39247
4FGL_J1817.9-1135 274.48761 -11.59660 0.15120 0.10860 21.61000 1.61379e-02 8.41450e-03 1.10821 0.75617
4FGL_J1818.0-1339 274.51871 -13.65270 0.30400 0.24620 73.22000 1.23645e-02 5.36657e-03 0.78861 0.81837
4FGL_J1818.1-2000 274.53290 -20.01610 0.09040 0.07180 -46.64000 8.13005e-03 2.28984e-03 1.12734 0.37074
4FGL_J1818.3-1233 274.57751 -12.55380 0.21560 0.12680 -17.36000 3.90587e-04 1.55471e-03 2.34992 0.16715
4FGL_J1818.5+2533 274.64719 25.55660 0.26920 0.23340 -86.00000 6.21957e-03 5.25888e-03 2.22681 0.34578
4FGL_J1818.6+1316 274.65271 13.27310 0.09620 0.09000 80.43000 1.39440e-02 4.17780e-03 0.46075 0.51818
4FGL_J1818.6-1533 274.65790 -15.56150 0.10820 0.08020 -21.52000 1.23916e-02 3.18536e-03 1.66975 0.27552
4FGL_J1818.8-0828 274.72110 -8.46680 0.13620 0.11160 -1.16000 4.15143e-03 2.19573e-03 1.78110 0.36214
4FGL_J1819.4-1102 274.86371 -11.03640 0.29840 0.20460 76.72000 2.08985e-02 1.18068e-02 0.75628 1.31360
4FGL_J1819.9-1300 274.97891 -13.00550 0.29080 0.19360 -49.58000 9.49651e-03 1.42367e-02 2.02019 1.25674
4FGL_J1819.9-2926 274.98990 -29.43910 0.16640 0.15600 36.61000 9.58146e-03 3.75250e-03 1.32447 0.40578
4FGL_J1819.9-1530 274.98999 -15.50280 0.12220 0.09440 79.51000 1.42003e-02 1.96907e-03 0.78476 0.37252
4FGL_J1821.6+6636 275.41400 66.60930 0.12920 0.09040 -35.40000 4.89247e-04 5.40585e-04 1.60288 0.23023
4FGL_J1822.6-2502 275.66321 -25.04040 0.23220 0.19400 -1.02000 1.55512e-02 1.23137e-02 1.17733 1.16152
4FGL_J1822.8-1118 275.71149 -11.31270 0.19060 0.14120 -31.37000 4.94248e-03 4.24568e-03 2.00423 0.45023
4FGL_J1823.2+1209 275.81201 12.15730 0.19480 0.17540 72.35000 2.39115e-02 6.81817e-03 0.14872 0.82414
4FGL_J1823.3-1340 275.83630 -13.66760 0.03260 0.03200 80.12000 4.10446e-03 6.90026e-04 1.81855 0.10563
4FGL_J1824.2+1231 276.06461 12.53020 0.30000 0.20820 87.55000 4.80299e-03 3.97833e-03 2.09162 0.37162
4FGL_J1824.2-0621 276.06790 -6.35760 0.04760 0.04460 -47.22000 1.11939e-02 1.41836e-03 0.01387 0.25729
4FGL_J1824.7+2403 276.18689 24.06480 0.13080 0.12600 -67.33000 1.05725e-02 6.88066e-03 0.74096 0.97575
4FGL_J1826.2-2830 276.57019 -28.51610 0.60940 0.38780 -70.59000 1.54029e-02 1.59051e-02 1.19877 1.27821
4FGL_J1826.5-1202 276.64859 -12.04840 0.27160 0.19980 8.11000 1.79914e-02 1.25885e-02 1.01269 1.19438
4FGL_J1827.2+4303 276.81299 43.06480 0.13540 0.12640 48.49000 1.20136e-02 7.24079e-03 0.00199 0.15143
4FGL_J1827.5+1141 276.87860 11.68630 0.08720 0.08020 38.24000 9.87659e-03 2.58864e-03 1.00932 0.32628
4FGL_J1828.1-1312 277.02759 -13.20190 0.17980 0.13120 49.77000 1.82933e-02 2.36318e-03 0.21683 0.45068
4FGL_J1829.6-2545 277.41019 -25.75500 0.25680 0.22280 -72.46000 3.31806e-02 8.99075e-03 0.00021 0.03112
4FGL_J1830.0-1515 277.52100 -15.25760 0.19040 0.11660 -34.11000 -3.74670e-04 2.47374e-04 2.20695 0.38686
4FGL_J1830.1-0212 277.52621 -2.21290 0.24700 0.22200 -68.65000 1.90999e-02 8.22610e-03 0.79624 0.82648
4FGL_J1830.1-1440 277.53561 -14.67670 0.07880 0.07480 -45.75000 -5.04226e-04 7.86326e-04 2.31714 0.12911
4FGL_J1830.7-1634 277.67630 -16.57010 0.05780 0.05480 26.01000 4.59795e-03 1.16218e-03 1.68871 0.17023
4FGL_J1831.6-0223 277.91351 -2.39110 0.16840 0.14240 -7.44000 2.97929e-03 4.61124e-03 2.09660 0.71469
4FGL_J1832.4-0152 278.10281 -1.87620 0.20320 0.16000 5.40000 1.64696e-03 1.69850e-03 2.06554 0.37685
4FGL_J1834.2-0827 278.57150 -8.45850 0.13040 0.11940 -28.59000 2.47232e-02 3.93586e-03 0.49378 0.46709
4FGL_J1834.3+0613 278.57571 6.22560 0.21020 0.13740 -29.45000 1.68810e-02 4.34170e-03 0.40286 0.49001
4FGL_J1834.7-0724 278.68329 -7.41310 0.11740 0.09280 -4.99000 1.40501e-02 1.55462e-02 0.85125 1.99808
4FGL_J1834.9-0800 278.74359 -8.00420 0.20780 0.15280 -20.38000 1.49695e-02 3.74168e-03 1.09686 0.40910
4FGL_J1834.9-2819 278.74799 -28.31700 0.18060 0.15500 -64.42000 9.69657e-03 4.14562e-03 1.41960 0.40716
4FGL_J1835.3-2439 278.84271 -24.65930 0.24380 0.18660 -54.64000 2.11818e-03 3.02524e-03 2.43987 0.29365
4FGL_J1836.8-2354 279.21121 -23.90670 0.33880 0.15960 25.39000 1.85727e-02 8.15741e-03 0.71423 0.73924
4FGL_J1836.9+4439 279.23889 44.66040 0.10240 0.09280 71.49000 2.70578e-03 3.10684e-03 0.97587 0.83940
4FGL_J1838.0-0516 279.51279 -5.27700 0.24420 0.16680 -89.33000 1.00346e-02 6.52374e-03 1.47652 0.72977
4FGL_J1838.2+3223 279.56921 32.39960 0.13800 0.12900 0.20000 5.57571e-03 3.46413e-03 1.69160 0.41081
4FGL_J1838.4-0630 279.60260 -6.51660 0.08960 0.07740 63.39000 1.08044e-02 2.10305e-03 1.20106 0.26902
4FGL_J1838.4-0545 279.61301 -5.76260 0.11100 0.09260 33.36000 1.16672e-02 5.10874e-03 1.08152 0.82321
4FGL_J1838.5+3837 279.64050 38.61680 0.27560 0.26100 88.32000 1.23177e-03 2.78854e-03 2.39096 0.33971
4FGL_J1839.0-1502 279.76929 -15.04870 0.16900 0.11860 -13.95000 6.06835e-03 3.58755e-03 1.79674 0.45787
4FGL_J1840.4-1705 280.10110 -17.09300 0.12940 0.11740 16.42000 1.80374e-02 2.05619e-03 0.10061 0.19863
4FGL_J1840.4-1139 280.10651 -11.65100 0.12840 0.09380 -70.04000 1.95449e-02 9.79576e-03 0.00213 0.20460
4FGL_J1841.6+7113 280.42068 71.22710 0.18100 0.14920 9.27000 2.67392e-03 5.56283e-03 1.53969 1.24345
4FGL_J1842.1+2737 280.53781 27.62480 0.10480 0.09140 67.09000 1.62505e-02 4.24815e-03 0.10019 0.52210
4FGL_J1842.2-0328 280.55841 -3.48240 0.16980 0.14500 -15.09000 2.66732e-03 6.63584e-03 2.29494 0.78941
4FGL_J1843.3-1242 280.83981 -12.71310 0.12600 0.09280 5.70000 4.34499e-03 2.61035e-03 1.72276 0.33405
4FGL_J1843.7-0326 280.93140 -3.43700 0.07360 0.07080 70.05000 8.49567e-04 2.27778e-03 2.39218 0.16608
4FGL_J1844.8-0957 281.20361 -9.95410 0.14920 0.12940 -62.03000 7.76879e-03 1.07807e-02 1.47881 1.50335
4FGL_J1845.0+0159 281.26511 1.99690 0.15880 0.13280 -33.98000 1.81514e-02 3.24189e-03 0.00003 0.00751
4FGL_J1845.8-2521 281.46481 -25.35850 0.11120 0.09540 -27.25000 9.78557e-03 2.33017e-03 1.32243 0.24176
4FGL_J1846.0+0507 281.50751 5.12780 0.09120 0.07620 -57.08000 7.94772e-03 3.90491e-03 0.80285 0.67961
4FGL_J1846.9-0247 281.73959 -2.79980 0.25800 0.19300 -71.57000 1.40234e-02 5.10964e-03 1.03088 0.64064
4FGL_J1847.0-0625 281.76019 -6.41790 0.16340 0.12960 -13.38000 1.37480e-02 5.78603e-03 0.48663 0.78418
4FGL_J1847.2-0141 281.81140 -1.69240 0.14520 0.10120 -81.59000 1.24900e-02 4.61858e-03 1.33263 0.48310
4FGL_J1847.2-0200 281.82410 -2.01640 0.10060 0.08600 65.42000 5.84081e-03 5.05487e-03 1.73229 0.89475
4FGL_J1848.2-0016 282.06760 -0.27090 0.19340 0.16740 84.21000 5.98757e-03 4.35266e-03 1.75216 0.62097
4FGL_J1849.4-0117 282.35770 -1.29890 0.17140 0.12880 -11.14000 2.52699e-03 2.86180e-03 2.03983 0.98475
4FGL_J1850.2-0201 282.57321 -2.02570 0.27020 0.12360 -26.96000 2.13912e-04 1.39972e-03 2.24417 0.15826
4FGL_J1850.8-1105 282.70520 -11.08820 0.25400 0.17700 5.85000 1.67150e-02 8.94513e-03 0.96381 0.78034
4FGL_J1851.5+0718 282.88779 7.31110 0.12820 0.12600 -20.84000 5.18145e-03 2.39649e-03 1.84793 0.32418
4FGL_J1852.2-1309 283.07391 -13.15950 0.11580 0.10240 12.28000 1.50967e-02 4.36867e-03 0.24184 0.57091
4FGL_J1852.6+0203 283.16391 2.06000 0.12580 0.10420 -34.39000 3.91189e-03 4.17076e-03 2.03428 0.56031
4FGL_J1853.2-0922 283.32059 -9.38110 0.24320 0.18400 48.08000 1.46386e-02 8.35390e-03 1.33076 0.62076
4FGL_J1853.3-2447 283.34961 -24.79710 0.36040 0.16520 -21.19000 2.02558e-03 3.21095e-03 2.25638 0.33335
4FGL_J1853.6-0620 283.42419 -6.34600 0.19440 0.13120 -56.72000 5.65182e-03 1.13778e-02 1.59462 1.71169
4FGL_J1853.8-1107 283.46991 -11.12340 0.19680 0.12620 -17.78000 1.87377e-02 1.54630e-03 1.22584 0.22715
4FGL_J1854.7+0153 283.69510 1.89350 0.23880 0.10900 -33.13000 6.37239e-03 3.22576e-03 1.53867 0.52294
4FGL_J1855.2+0756 283.81241 7.94700 0.24700 0.13600 7.72000 -2.17603e-04 9.62805e-04 2.29519 0.13909
4FGL_J1855.2+0456 283.81589 4.94270 0.14780 0.11960 15.33000 5.98438e-03 2.66218e-03 2.03760 0.23499
4FGL_J1855.3-0740 283.83099 -7.67750 0.29740 0.26960 -28.17000 3.23351e-02 1.26551e-03 0.28538 0.21912
4FGL_J1855.8+0150 283.95761 1.84320 0.12440 0.08800 15.04000 4.49261e-03 1.96595e-03 1.52722 0.43435
4FGL_J1856.1-1222 284.03290 -12.37510 0.09020 0.07580 -53.42000 1.15599e-03 1.15806e-03 1.94159 0.25718
4FGL_J1856.5+1735 284.13870 17.59990 0.14040 0.12180 -38.85000 6.81035e-03 3.39638e-03 1.76632 0.38218
4FGL_J1857.1+0056 284.29871 0.94600 0.07760 0.06160 -38.44000 8.30200e-03 5.33425e-03 0.65384 1.13197
4FGL_J1857.4+0106 284.35800 1.11290 0.08560 0.06760 -54.20000 1.00322e-02 2.70241e-03 0.80256 0.52614
4FGL_J1858.0+0354 284.51880 3.91280 0.08320 0.07440 -4.67000 1.66697e-02 2.43443e-03 0.98663 0.24937
4FGL_J1858.0-1052 284.51959 -10.86910 0.22300 0.17420 -59.94000 2.01036e-02 2.36515e-02 1.06448 1.80744
4FGL_J1858.3-1318 284.57910 -13.31350 0.28040 0.19860 -68.28000 1.81141e-02 6.34724e-03 0.72056 0.58112
4FGL_J1858.9+3636 284.73318 36.61410 0.29680 0.23880 19.64000 2.11782e-02 1.00909e-02 0.65236 0.82132
4FGL_J1859.2-0706 284.80060 -7.11360 0.11920 0.11800 -39.95000 8.07079e-03 6.63534e-03 1.54296 0.69241
4FGL_J1859.3+0058 284.83261 0.98010 0.14860 0.11000 59.58000 4.17976e-03 1.97742e-03 1.83003 0.32044
4FGL_J1859.8+1545 284.97479 15.76590 0.21340 0.13040 27.59000 -4.59052e-04 1.13424e-03 2.53096 0.14933
4FGL_J1900.4+0339 285.12399 3.66400 0.09600 0.07800 17.84000 1.16151e-02 3.20721e-03 1.30326 0.34134
4FGL_J1900.7+0426 285.19220 4.44150 0.18720 0.17940 -55.07000 1.73304e-02 4.08135e-03 1.06279 0.39489
4FGL_J1900.9+0538 285.22580 5.63620 0.18800 0.15020 -16.90000 1.61244e-02 7.39412e-03 1.34619 0.49956
4FGL_J1901.1+0730 285.29489 7.50480 0.08540 0.07700 1.71000 7.68704e-03 1.15610e-03 1.33960 0.19416
4FGL_J1901.5-2208 285.38391 -22.13430 0.15760 0.12780 41.17000 1.75749e-03 1.86657e-03 1.71383 0.38326
4FGL_J1901.5-1112 285.39639 -11.20020 0.11880 0.09940 -25.16000 2.53914e-03 3.26531e-03 2.23347 0.34152
4FGL_J1901.8-0718 285.45660 -7.30450 0.12880 0.10740 62.12000 1.05828e-02 5.53014e-03 0.94815 0.70606
4FGL_J1902.2+0448 285.57260 4.80810 0.22440 0.14560 28.60000 1.35068e-02 3.46035e-03 1.16274 0.36924
4FGL_J1902.5+0654 285.64389 6.90990 0.07380 0.06620 70.89000 5.35657e-03 1.66977e-03 1.60724 0.24482
4FGL_J1903.5-0825 285.87921 -8.41900 0.53060 0.29060 -9.44000 2.61672e-02 1.07192e-02 0.33423 0.97051
4FGL_J1904.6-2713 286.16409 -27.22350 0.28140 0.18340 -69.81000 2.79684e-03 2.91752e-03 2.36873 0.28115
4FGL_J1904.7-0708 286.19351 -7.13730 0.08440 0.07420 83.50000 1.24600e-02 2.98206e-03 1.29523 0.26882
4FGL_J1905.8+4942 286.47198 49.71060 0.23340 0.21400 55.09000 2.49386e-02 2.00607e-03 0.59886 0.26645
4FGL_J1906.0-1718 286.51859 -17.31530 0.15420 0.11620 87.11000 1.53631e-02 9.40888e-04 0.52186 0.24938
4FGL_J1906.1+1651 286.54080 16.86480 0.10060 0.08760 -84.17000 1.12713e-02 5.49174e-04 0.19371 0.21602
4FGL_J1906.4-2001 286.61011 -20.02010 0.19860 0.19120 41.92000 1.81993e-02 9.06003e-03 0.48421 0.95793
4FGL_J1906.4-1757 286.61069 -17.95090 0.11240 0.09640 39.78000 5.01831e-03 2.29857e-03 1.69995 0.30511
4FGL_J1906.9+0712 286.74731 7.21650 0.04420 0.04120 -43.06000 5.77444e-03 1.18766e-03 1.61351 0.16237
4FGL_J1908.7+0812 287.18460 8.20440 0.10600 0.09840 -62.44000 1.44911e-02 4.32033e-03 1.34393 0.33884
4FGL_J1908.8-0131 287.21161 -1.53090 0.05940 0.05780 56.90000 1.16818e-02 2.21422e-03 0.92922 0.26300
4FGL_J1909.2+4646 287.32019 46.77680 0.15660 0.15360 -8.92000 9.52379e-03 5.28310e-03 1.15530 0.67045
4FGL_J1910.2+0904 287.55350 9.07560 0.05240 0.04820 -10.43000 -7.27818e-05 2.03031e-04 2.26406 0.09840
4FGL_J1912.2+3621 288.07321 36.35120 0.55940 0.36640 7.89000 2.52043e-02 2.93216e-02 0.54030 2.43579
4FGL_J1912.5+1320 288.13220 13.34890 0.27980 0.22140 -19.67000 2.12882e-02 7.82243e-03 1.30531 0.48140
4FGL_J1912.7+4610 288.17749 46.17920 0.17760 0.14940 66.57000 1.14708e-02 5.04083e-03 0.82871 0.59871
4FGL_J1912.7+0957 288.18509 9.95410 0.13940 0.10740 25.28000 1.87649e-02 1.77557e-03 0.69766 0.29758
4FGL_J1913.4-1526 288.35150 -15.44960 0.11120 0.10540 -73.55000 1.72767e-02 9.16625e-03 0.24184 1.09676
4FGL_J1914.6-1157 288.66531 -11.95160 0.15480 0.13320 -26.29000 1.36478e-02 7.11328e-03 1.26808 0.73962
4FGL_J1914.7+1012 288.68011 10.21480 0.22460 0.15340 28.03000 8.30541e-03 6.13862e-03 1.45964 0.73244
4FGL_J1915.3+1149 288.83569 11.81780 0.18540 0.14400 -27.69000 1.73757e-02 4.30429e-03 1.11766 0.35959
4FGL_J1919.1+2354 289.78119 23.90270 0.18480 0.15600 14.91000 2.34689e-02 1.25548e-02 0.13423 1.69338
4FGL_J1919.4+1313 289.87271 13.22840 0.27160 0.21380 84.64000 3.26046e-02 2.22767e-02 0.88493 1.22215
4FGL_J1920.0-2622 290.02301 -26.37750 0.13860 0.12500 59.32000 3.88250e-03 4.07738e-03 1.86413 0.37363
4FGL_J1920.7+1334 290.18649 13.56990 0.23120 0.20680 -5.94000 1.85035e-02 2.75604e-03 0.74367 0.44222
4FGL_J1921.1+1930 290.29279 19.51170 0.16460 0.11920 -67.25000 1.14931e-02 3.40840e-03 1.06660 0.43599
4FGL_J1922.4+1453 290.62241 14.88990 0.17560 0.12880 -18.91000 1.30456e-02 8.14225e-03 1.35099 0.87303
4FGL_J1922.7+1428 290.69901 14.47260 0.09440 0.07480 4.15000 1.56771e-02 9.01369e-03 1.11504 1.03957
4FGL_J1924.3+1601 291.09280 16.03000 0.13800 0.12200 21.44000 2.89995e-03 2.05042e-03 1.95389 0.38005
4FGL_J1924.8-1035 291.20529 -10.59090 0.07940 0.07320 -10.09000 1.08568e-02 3.68820e-03 0.60567 0.55372
4FGL_J1925.3+1522 291.33441 15.37010 0.18020 0.13480 0.50000 1.16647e-02 4.73279e-03 1.52247 0.43037
4FGL_J1925.4+1616 291.36121 16.27580 0.08020 0.06000 -1.94000 -5.79890e-05 2.21013e-04 2.29947 0.09840
4FGL_J1926.4+1602 291.62451 16.03810 0.09660 0.08480 20.23000 3.61589e-03 5.93845e-03 2.08626 0.58120
4FGL_J1929.0+1729 292.25589 17.49030 0.14620 0.10580 -80.16000 1.31569e-02 3.44218e-03 1.24040 0.35075
4FGL_J1931.1+1656 292.78470 16.94400 0.08260 0.07880 -88.53000 1.25116e-02 2.64533e-03 1.35967 0.25721
4FGL_J1933.4-2711 293.36520 -27.19900 0.73920 0.38760 54.19000 9.21121e-03 6.23947e-03 1.93487 0.39139
4FGL_J1934.2-1446 293.55551 -14.77870 0.25040 0.22340 68.14000 3.68046e-02 2.25617e-02 0.00744 0.61267
4FGL_J1934.2+1036 293.56729 10.60050 0.31880 0.20680 78.30000 1.31945e-02 7.86064e-03 1.54249 0.71506
4FGL_J1935.0-0553 293.75919 -5.89930 0.18660 0.16760 -61.52000 2.13304e-03 4.06495e-03 2.38655 0.38984
4FGL_J1936.6+1921 294.16251 19.35380 0.23200 0.16820 -33.55000 1.53248e-02 7.31933e-03 0.43069 0.99797
4FGL_J1937.1-0444 294.28479 -4.74460 0.18620 0.14020 -73.93000 4.97063e-04 1.96672e-03 2.14557 0.25851
4FGL_J1939.7-1242 294.93539 -12.71260 0.34580 0.24340 -3.57000 1.83630e-02 1.10628e-02 1.22845 0.76721
4FGL_J1940.2-2511 295.05569 -25.18660 0.16440 0.13060 -14.31000 7.43282e-03 4.66066e-03 1.61540 0.40444
4FGL_J1943.9+2841 295.98029 28.69570 0.37020 0.17800 -17.73000 9.77760e-03 5.41609e-03 1.35746 0.67836
4FGL_J1944.8+4301 296.20010 43.02800 0.09720 0.08240 41.65000 8.37324e-03 2.07473e-03 0.57355 0.36477
4FGL_J1946.5-1527 296.62811 -15.46540 0.17060 0.13100 -31.65000 7.29739e-03 3.25494e-03 1.40499 0.40971
4FGL_J1947.0+0031 296.75620 0.52040 0.13020 0.11600 -67.21000 1.15085e-02 8.72585e-03 0.17010 1.41854
4FGL_J1947.1+1729 296.77521 17.48670 0.15180 0.12040 46.67000 8.02370e-03 3.87211e-03 0.76897 0.68168
4FGL_J1947.6-1121 296.91611 -11.36520 0.11160 0.10100 -7.81000 6.36908e-03 3.05455e-03 1.72673 0.31749
4FGL_J1948.0-2845 297.01959 -28.75300 0.27040 0.22760 47.03000 5.95490e-03 4.94227e-03 1.85655 0.54983
4FGL_J1948.9+3414 297.22620 34.23960 0.24580 0.17980 -89.69000 1.73748e-02 6.61073e-03 0.00226 0.13045
4FGL_J1949.2-1453 297.31619 -14.89830 0.13200 0.12300 -48.44000 8.92889e-03 3.78106e-03 1.43341 0.38429
4FGL_J1950.6+2416 297.66019 24.28090 0.25440 0.18620 69.71000 1.01417e-02 5.62722e-03 1.69163 0.45587
4FGL_J1951.0+2523 297.76880 25.39400 0.20820 0.15820 47.14000 2.06897e-02 7.87424e-03 0.66166 0.78018
4FGL_J1951.6+2621 297.91422 26.35360 0.22020 0.14960 59.31000 1.44358e-02 7.44406e-03 1.23736 0.66859
4FGL_J1953.5+3841 298.38489 38.68810 0.13440 0.10720 59.58000 4.22405e-04 9.79478e-04 2.30984 0.09049
4FGL_J1954.5+2420 298.64749 24.34990 0.26160 0.17480 -8.79000 2.01232e-02 1.16916e-02 0.13499 2.08896
4FGL_J1954.8+2543 298.71991 25.71780 0.37040 0.25320 -8.46000 1.37559e-02 1.44688e-02 1.63609 0.92456
4FGL_J1957.6+1230 299.40140 12.51120 0.13380 0.12440 45.99000 3.20676e-03 3.20082e-03 1.76696 0.56149
4FGL_J1959.9+1833 299.98999 18.55910 0.27060 0.20800 11.03000 9.77365e-03 5.76021e-03 1.44665 0.59288
4FGL_J2001.5-0958 300.39740 -9.98180 0.19520 0.16480 -76.24000 6.47542e-04 2.15664e-03 2.46420 0.23542
4FGL_J2005.8+3357 301.47400 33.95610 0.10720 0.09860 84.62000 -4.37481e-04 7.33252e-04 2.48258 0.11056
4FGL_J2006.4-0354 301.61981 -3.91470 0.14960 0.12400 -88.17000 -1.04140e-04 6.25980e-04 2.21112 0.22090
4FGL_J2007.9+2511 301.99261 25.19360 0.12580 0.10320 28.13000 1.00063e-02 5.34185e-03 1.01292 0.70161
4FGL_J2008.4+1619 302.10980 16.32150 0.13080 0.09200 35.25000 8.14540e-03 1.90584e-03 0.00196 0.06003
4FGL_J2009.9-2116 302.47629 -21.27700 0.14100 0.12660 61.01000 1.17721e-02 4.91408e-03 0.35145 0.69396
4FGL_J2017.3+3525 304.34921 35.42260 0.09960 0.08460 21.17000 8.29450e-03 1.80447e-03 0.00029 0.02191
4FGL_J2019.6+0616 304.90039 6.27140 0.17020 0.14660 33.80000 9.39987e-04 1.65497e-03 2.04890 0.33686
4FGL_J2021.9+3609 305.48630 36.15770 0.10220 0.08700 35.06000 1.91406e-03 6.55446e-04 0.00031 0.02229
4FGL_J2023.3-1947 305.84000 -19.78500 0.23940 0.19420 -37.25000 7.25610e-03 4.31796e-03 2.05018 0.33243
4FGL_J2026.0+4718 306.50409 47.30510 0.25640 0.14800 49.54000 1.41801e-02 3.52869e-03 0.29656 0.51426
4FGL_J2026.3+1431 306.59879 14.52250 0.11060 0.10840 3.87000 1.15300e-02 8.64929e-03 0.10804 1.61855
4FGL_J2027.0+2811 306.76639 28.18990 0.10220 0.09320 71.48000 2.57449e-02 3.41163e-03 0.26955 0.28485
4FGL_J2029.4+1013 307.35541 10.22090 0.33600 0.30620 78.62000 1.01480e-02 6.03172e-03 1.60428 0.58006
4FGL_J2030.5+2235 307.63510 22.59450 0.07960 0.07520 -62.13000 5.87827e-03 1.52539e-03 0.00574 0.13087
4FGL_J2035.0+3632 308.75711 36.53710 0.04820 0.04580 57.00000 1.54117e-02 5.43845e-04 -0.14815 0.13722
4FGL_J2035.3+0557 308.82541 5.96550 0.15060 0.14260 71.59000 -4.42319e-04 1.53768e-03 2.82126 0.14949
4FGL_J2036.2-0207 309.06281 -2.13300 0.18400 0.15340 13.67000 1.33060e-02 7.78386e-03 0.72554 0.95538
4FGL_J2036.3+5642 309.09549 56.71490 0.34520 0.22560 -6.06000 9.59114e-03 1.59935e-02 1.81145 1.59993
4FGL_J2037.0-2826 309.25241 -28.43830 0.16800 0.16620 -46.69000 5.19930e-03 6.67080e-03 2.17298 0.43578
4FGL_J2038.4+4212 309.62479 42.20850 0.11780 0.10700 -14.33000 1.65036e-02 3.65702e-03 1.46105 0.26005
4FGL_J2040.4+0312 310.10959 3.20820 0.25200 0.22840 -16.20000 3.53102e-03 4.81145e-03 2.15219 0.51796
4FGL_J2041.1+4736 310.29559 47.60290 0.04980 0.04440 30.76000 7.59932e-03 1.12520e-03 1.53633 0.12658
4FGL_J2042.7+1519 310.69571 15.32920 0.08960 0.08620 71.64000 8.91581e-04 1.21620e-03 1.99186 0.26444
4FGL_J2043.9+2051 310.97961 20.85300 0.21500 0.17900 43.30000 1.02868e-02 5.72526e-03 1.13803 0.59739
4FGL_J2045.6+2455 311.41220 24.92310 0.20180 0.11840 29.05000 -2.60748e-04 2.86808e-04 2.19745 0.16755
4FGL_J2046.1-1626 311.54901 -16.44310 0.14660 0.13080 61.71000 8.01694e-03 3.45058e-03 1.58419 0.37089
4FGL_J2047.5+4356 311.88321 43.94240 0.75980 0.43880 3.42000 5.93323e-02 1.38415e-02 0.32288 1.83434
4FGL_J2048.4-2517 312.10489 -25.29230 0.24280 0.19860 -3.19000 1.65504e-03 3.30746e-03 2.31245 0.43724
4FGL_J2050.0+4114 312.50290 41.24030 0.18480 0.14420 7.80000 3.74495e-03 3.34409e-03 1.96906 0.45424
4FGL_J2052.1+5539 313.04929 55.66110 0.13140 0.12280 16.40000 6.14735e-04 1.86188e-03 2.10498 0.20612
4FGL_J2052.3+4437 313.08200 44.63330 0.60140 0.26320 -41.27000 1.98402e-02 8.12280e-03 1.07561 0.65974
4FGL_J2052.8+5739 313.21979 57.65750 0.22480 0.16660 -67.47000 4.67073e-03 8.50359e-03 2.16940 0.79930
4FGL_J2054.2+6904 313.56711 69.07690 0.10400 0.09320 63.87000 9.38778e-03 2.50259e-03 1.37814 0.25424
4FGL_J2058.0+3338 314.51700 33.63800 0.17920 0.16140 79.16000 1.50460e-02 1.42902e-02 0.25415 1.72384
4FGL_J2058.5-1833 314.64880 -18.56480 0.11800 0.09820 65.04000 3.30229e-04 2.48132e-03 0.86018 3.03787
4FGL_J2100.0+1445 315.01489 14.76450 0.14580 0.14020 15.55000 -2.58121e-04 5.46924e-04 2.47749 0.14936
4FGL_J2101.8+5044 315.46539 50.74240 0.21260 0.17360 66.48000 8.50296e-03 7.24675e-03 1.72592 0.78788
4FGL_J2104.0+4623 316.00580 46.38360 0.17260 0.14980 16.76000 2.07493e-02 1.39119e-02 0.19819 1.56144
4FGL_J2104.4+2116 316.12259 21.28310 0.07160 0.05980 69.63000 -3.12103e-04 2.27266e-04 2.28128 0.12492
4FGL_J2105.9+7508 316.48120 75.14440 0.08580 0.07460 5.44000 1.32193e-03 1.32301e-03 1.96002 0.27083
4FGL_J2107.7+3529 316.94281 35.48850 1.25600 0.69880 -83.69000 2.12468e-03 2.98652e-03 2.21251 0.35117
4FGL_J2108.0+5155 317.01669 51.92760 0.12900 0.10440 19.54000 7.19028e-03 2.64418e-03 1.96362 0.21586
4FGL_J2109.6+3954 317.41400 39.91030 0.06260 0.05940 -89.02000 1.74686e-03 7.07960e-04 0.61460 0.36906
4FGL_J2114.3+5023 318.58960 50.39930 0.09820 0.08520 19.36000 4.47736e-03 2.20176e-03 1.91531 0.31433
4FGL_J2116.2+3701 319.05939 37.02570 0.15440 0.12580 43.44000 2.78036e-02 1.25540e-03 0.20394 0.23028
4FGL_J2117.0+1344 319.25751 13.74490 0.14900 0.13040 -62.56000 7.92815e-03 4.35090e-03 1.46507 0.43180
4FGL_J2117.9+3729 319.49219 37.48420 0.10860 0.09800 12.18000 4.25345e-03 2.75593e-03 1.88665 0.34980
4FGL_J2118.3+4055 319.58881 40.92350 0.12840 0.08300 3.06000 9.54079e-04 8.16064e-04 1.12670 0.44702
4FGL_J2120.0+5257 320.01682 52.95000 0.20840 0.14700 67.23000 5.08898e-03 3.55572e-03 2.12295 0.37764
4FGL_J2125.6+0458 321.40710 4.97830 0.37280 0.17240 -13.67000 7.76104e-04 9.10859e-04 1.61463 0.34263
4FGL_J2129.9+5833e 322.48401 58.55800 nan nan nan 4.38306e-03 5.80947e-03 1.89532 0.46161
4FGL_J2130.8+2649 322.71481 26.83320 0.31700 0.26140 34.25000 2.99713e-02 1.92611e-03 0.17294 0.35559
4FGL_J2131.4-1124 322.85239 -11.41370 0.33140 0.27140 68.79000 1.86640e-02 1.19679e-02 0.95839 0.92079
4FGL_J2141.4+0733 325.37460 7.56570 0.58100 0.35980 30.28000 1.17011e-03 3.00852e-03 2.47082 0.29723
4FGL_J2142.5-2029 325.64249 -20.49650 0.10280 0.09500 70.38000 -1.27448e-04 4.05453e-04 2.05930 0.21540
4FGL_J2143.4+6608 325.85461 66.13680 0.10040 0.09180 -14.53000 4.71600e-04 1.48395e-03 2.39803 0.11187
4FGL_J2144.2+7709 326.07361 77.15490 0.14480 0.10800 84.19000 1.19959e-02 4.40894e-03 0.00084 0.07398
4FGL_J2152.0+4718 328.01059 47.30670 0.20160 0.14600 -48.62000 1.06974e-03 7.76208e-03 2.48758 0.85953
4FGL_J2207.1+2222 331.79120 22.37420 0.10140 0.08340 87.39000 2.01787e-04 5.76287e-04 1.76719 0.32916
4FGL_J2208.4+6443e 332.11301 64.72400 nan nan nan 5.79872e-03 1.27547e-03 1.73003 0.11224
4FGL_J2209.2+3710 332.30521 37.17910 0.80980 0.65800 15.18000 1.51396e-02 1.22272e-02 2.18497 0.49545
4FGL_J2210.2+1624 332.57410 16.40330 0.17740 0.15960 9.18000 3.00685e-03 3.47332e-03 2.05263 0.45113
4FGL_J2212.4+0708 333.10831 7.14280 0.09940 0.09820 9.86000 1.60047e-02 4.80250e-03 0.64433 0.49093
4FGL_J2218.8+4736 334.72391 47.60080 0.12840 0.11060 -12.47000 1.28170e-02 4.72989e-03 0.72167 0.56397
4FGL_J2220.8+6319 335.22391 63.31850 0.14820 0.12060 -71.76000 1.24040e-02 3.90549e-03 1.58383 0.28010
4FGL_J2222.9+1507 335.73050 15.12580 0.14840 0.13680 72.34000 5.65324e-03 5.67163e-03 0.17598 1.50594
4FGL_J2225.8-0804 336.47070 -8.07910 0.12160 0.10960 19.30000 5.79080e-04 9.15078e-04 1.79977 0.31197
4FGL_J2227.1+6455 336.78381 64.92430 0.33620 0.24020 -77.91000 2.98517e-02 1.74790e-03 0.88820 0.27977
4FGL_J2233.3+6530 338.34949 65.50820 0.20800 0.19180 39.43000 8.38427e-03 3.72755e-03 1.90723 0.34893
4FGL_J2236.9+1839 339.24841 18.66630 0.10960 0.10180 74.10000 5.94535e-03 1.06761e-02 0.12402 3.16274
4FGL_J2241.2+4303 340.30051 43.05830 0.23800 0.23300 -78.19000 3.33611e-02 7.66756e-03 0.00005 0.01163
4FGL_J2249.4+6222 342.35110 62.38090 0.25880 0.22560 -74.70000 9.06126e-03 1.55078e-02 2.18690 0.89475
4FGL_J2249.9+0452 342.48489 4.86920 0.17500 0.15120 -65.01000 -1.67164e-04 4.70342e-04 2.23315 0.17407
4FGL_J2250.5+3305 342.64041 33.09890 0.13920 0.13660 51.78000 2.23198e-02 3.42146e-03 0.43999 0.31429
4FGL_J2250.6+5809 342.65140 58.15110 0.21580 0.15940 -34.95000 3.99226e-03 3.53747e-03 0.47269 1.24262
4FGL_J2303.9+5554 345.99640 55.91390 0.12500 0.11400 15.66000 7.63715e-04 9.35557e-04 1.44387 0.38164
4FGL_J2304.0+5406e 346.00900 54.10600 nan nan nan 5.34114e-04 1.83903e-04 1.39505 0.10944
4FGL_J2312.4+8253 348.10031 82.89240 0.38320 0.27720 23.20000 1.48528e-02 8.77970e-03 1.69723 0.57492
4FGL_J2316.8-2518 349.22021 -25.31260 0.24160 0.17820 76.96000 -2.73798e-04 6.45266e-04 2.43613 0.22753
4FGL_J2317.7+2839 349.43771 28.65890 0.09180 0.07520 -78.21000 -9.89228e-05 2.58790e-04 2.00091 0.15112
4FGL_J2317.8+6140 349.46030 61.68220 0.19900 0.18380 -72.38000 1.13720e-02 5.83953e-03 1.40460 0.57466
4FGL_J2320.2+0707 350.07321 7.12890 0.10960 0.08760 -64.68000 3.26344e-03 4.15070e-03 0.37951 1.92709
4FGL_J2323.1+2040 350.79111 20.67680 0.17680 0.14000 -45.50000 8.70756e-04 2.17813e-03 2.26401 0.34998
4FGL_J2323.9+2519 350.97809 25.33220 0.16980 0.15440 71.93000 1.16724e-02 5.56586e-03 0.34549 0.85239
4FGL_J2324.6+3115 351.17001 31.25730 0.45400 0.36500 87.19000 1.01390e-02 1.00259e-02 2.50852 0.38504
4FGL_J2326.5+8555 351.63791 85.92330 0.88520 0.72100 -59.00000 1.02412e-02 9.04487e-03 2.21034 0.52442
4FGL_J2330.5-2445 352.64841 -24.75430 0.47460 0.34220 72.08000 2.38679e-03 5.14279e-03 2.64131 0.42406
4FGL_J2331.6+4430 352.90131 44.51380 0.10580 0.09740 52.47000 9.24248e-04 1.53481e-03 1.66413 0.52378
4FGL_J2336.2-0715 354.06729 -7.26470 0.26240 0.22040 43.95000 1.04559e-02 8.13064e-03 0.80172 1.08773
4FGL_J2337.7-2903 354.43079 -29.06350 0.25660 0.21120 30.26000 1.26343e-02 1.14154e-02 0.21054 1.64559
4FGL_J2339.4+3008 354.85199 30.14070 0.15940 0.10860 79.79000 2.78594e-04 7.17243e-04 2.00867 0.25595
4FGL_J2351.4-2818 357.86859 -28.31160 0.30840 0.21320 0.28000 3.67876e-03 4.50839e-03 1.93342 0.52330
4FGL_J2353.2+3135 358.32150 31.59270 0.13900 0.12120 -44.47000 -3.92938e-04 5.58943e-04 2.68266 0.11732
4FGL_J2353.5+6646 358.39261 66.76970 0.11840 0.11260 -7.32000 -9.35640e-05 1.58524e-03 2.69713 0.12172
4FGL_J2357.8+6839 359.47449 68.66170 0.17800 0.15480 8.77000 9.66829e-04 2.55875e-03 2.40528 0.33640
4FGL_J2359.3+1444 359.83899 14.74980 0.44340 0.28660 -65.40000 2.25230e-02 1.62019e-02 0.74839 1.23837
