J001618.3+171138 4.07631 17.19398 1.14000 91.00000 3.92390e-14 1.86000e-14
J001620.6+171525 4.08595 17.25721 1.45000 49.00000 5.66260e-14 1.69000e-14
J001622.6+171622 4.09456 17.27279 1.67000 53.10000 1.04950e-14 7.76000e-15
J001634.8+171557 4.14528 17.26589 2.62000 28.60000 9.36740e-14 4.59000e-14
J035927.3+541358 59.86403 54.23291 1.59000 12.40000 3.20290e-14 1.33000e-14
J035934.0+541259 59.89176 54.21661 1.74000 14.80000 9.92190e-15 4.38000e-15
J053536.8-061631 83.90337 -6.27530 0.33000 1240.00000 5.74760e-14 4.69000e-15
J053540.8-061806 83.92016 -6.30180 0.37000 993.00000 3.46000e-14 4.02000e-15
J053542.2-061515 83.92607 -6.25418 1.25000 26.90000 9.54140e-15 7.11000e-15
J053546.8-061910 83.94540 -6.31956 1.48000 12.20000 1.33100e-14 5.57000e-15
J053548.3-061759 83.95136 -6.29989 0.37000 757.00000 7.72010e-14 8.23000e-15
J053548.3-061737 83.95164 -6.29377 0.21000 15200.00000 3.36720e-13 1.07000e-14
J053646.1+095314 84.19243 9.88730 0.70000 212.00000 9.50900e-15 2.92000e-15
J053646.3+095445 84.19297 9.91276 0.97000 53.60000 2.02130e-14 5.58000e-15
J053646.8+095622 84.19532 9.93951 1.10000 48.80000 9.20500e-15 3.35000e-15
J053649.0+095658 84.20453 9.94954 1.79000 7.42000 7.86240e-15 4.13000e-15
J053649.2+095819 84.20513 9.97219 0.81000 151.00000 8.09500e-15 4.23000e-15
J053650.2+095422 84.20925 9.90630 0.73000 242.00000 1.39940e-14 3.14000e-15
J053652.6+095257 84.21941 9.88258 0.63000 355.00000 1.77470e-14 3.35000e-15
J053654.4+095326 84.22684 9.89060 1.01000 40.30000 1.41710e-14 5.59000e-15
J053654.5+095746 84.22722 9.96302 2.09000 6.00000 4.70460e-15 3.69000e-15
J053655.3+100110 84.23062 10.01957 1.99000 8.12000 2.14710e-15 2.88000e-15
J053656.0+095204 84.23347 9.86790 1.02000 42.30000 9.37010e-15 3.23000e-15
J053656.1+095330 84.23411 9.89187 2.17000 252.00000 1.50530e-13 2.50000e-14
J053656.9+095252 84.23740 9.88136 1.42000 14.80000 6.89140e-15 4.13000e-15
J053657.6+095328 84.24039 9.89125 0.66000 650.00000 3.30080e-14 3.34000e-15
J053659.8+095449 84.24946 9.91384 1.66000 11.70000 3.11150e-15 3.54000e-15
J053659.9+095639 84.24979 9.94417 1.62000 11.50000 2.46640e-14 7.72000e-15
J053705.4+095613 84.27282 9.93710 2.17000 14.90000 1.83890e-14 7.88000e-15
J053710.1+095525 84.29223 9.92377 0.85000 225.00000 2.73130e-14 9.35000e-15
J053715.5+095750 84.31482 9.96399 1.43000 19.00000 1.22660e-13 2.89000e-14
J054625.7+002344 86.60719 0.39575 1.57000 12.90000 7.32600e-15 3.43000e-15
J054626.8+003110 86.61168 0.51951 1.60000 11.60000 1.00410e-14 8.28000e-15
J054629.0+002907 86.62096 0.48541 0.47000 1630.00000 1.10860e-13 1.14000e-14
J054629.6+003024 86.62358 0.50671 1.65000 8.74000 1.23290e-14 7.85000e-15
J054631.0+002534 86.62936 0.42613 0.32000 13600.00000 8.72900e-13 2.68000e-14
J054631.4+002015 86.63107 0.33754 1.81000 8.71000 3.41590e-15 3.94000e-15
J054638.4+002207 86.66026 0.36878 1.48000 13.60000 1.34680e-14 5.63000e-15
J054642.8+003040 86.67864 0.51113 4.93000 28.60000 1.27840e-13 7.30000e-14
J054643.2+003216 86.68035 0.53805 11.78000 16.50000 2.01110e-14 4.57000e-14
J054644.9+002451 86.68742 0.41425 1.77000 16.40000 3.00880e-15 2.65000e-15
J054647.2+003006 86.69697 0.50194 1.34000 24.20000 2.33810e-14 7.87000e-15
J054648.5+002706 86.70237 0.45172 0.81000 181.00000 4.60920e-14 7.73000e-15
J054653.6+002630 86.72357 0.44172 1.62000 16.40000 3.89680e-15 1.89000e-15
J054655.3+002844 86.73042 0.47900 2.16000 8.03000 3.17430e-15 4.11000e-15
J054658.1+002759 86.74239 0.46649 1.10000 97.70000 5.84930e-15 2.25000e-15
J054658.4+002236 86.74365 0.37682 1.45000 19.60000 4.88910e-15 3.29000e-15
J054658.9+002457 86.74581 0.41608 0.89000 72.10000 2.55060e-14 4.79000e-15
J054701.0+002505 86.75419 0.41808 1.87000 11.50000 1.20090e-15 1.09000e-15
J054705.3+002846 86.77216 0.47969 1.23000 58.10000 5.84360e-15 3.92000e-15
J054705.4+003039 86.77254 0.51104 1.24000 61.30000 7.69970e-15 5.62000e-15
J054706.2+003205 86.77613 0.53484 0.46000 2150.00000 2.92340e-13 2.16000e-14
J054706.7+003529 86.77799 0.59141 0.97000 219.00000 3.62800e-13 5.54000e-14
J054708.7+003221 86.78626 0.53923 1.32000 56.40000 1.78120e-14 6.50000e-15
J055616.9+393851 89.07042 39.64766 1.74000 8.55000 1.14260e-14 1.21000e-14
J064032.8+325447 100.13677 32.91326 2.34000 9.78000 7.69710e-15 9.83000e-15
J064048.1+100431 100.20057 10.07555 1.74000 28.90000 2.26780e-14 1.13000e-14
J064049.9+325524 100.20817 32.92341 1.77000 24.00000 2.73390e-14 1.39000e-14
J064051.4+100303 100.21418 10.05109 1.38000 32.60000 6.13760e-15 6.11000e-15
J064056.4+325124 100.23503 32.85692 2.00000 13.00000 1.63090e-14 8.86000e-15
J064100.7+100214 100.25300 10.03749 0.95000 132.00000 2.48800e-14 8.02000e-15
J064103.5+100035 100.26485 10.00975 0.59000 475.00000 4.90510e-14 7.17000e-15
J064111.6+100223 100.29855 10.03987 0.77000 238.00000 7.47290e-14 1.55000e-14
J064112.5+100337 100.30231 10.06036 1.96000 25.50000 2.15750e-13 6.26000e-14
J111958.3-220456 169.99305 -22.08246 0.57000 1190.00000 6.15640e-14 5.03000e-15
J111959.3-220316 169.99731 -22.05452 1.21000 29.20000 7.90610e-15 3.02000e-15
J124918.0-054640 192.32541 -5.77786 2.34000 6.13000 1.14110e-14 7.27000e-15
J124918.1-054455 192.32556 -5.74875 0.68000 224.00000 3.50530e-14 7.22000e-15
J124919.3-054539 192.33065 -5.76100 0.34000 1690.00000 1.39020e-13 9.93000e-15
J124921.9-054826 192.34163 -5.80742 1.43000 14.10000 1.17360e-14 7.92000e-15
J124924.8-055009 192.35357 -5.83585 1.77000 6.47000 7.70420e-15 5.08000e-15
J124925.1-054645 192.35466 -5.77934 1.11000 26.30000 2.87900e-14 8.69000e-15
J124928.4-054655 192.36853 -5.78221 1.27000 12.20000 1.76480e-14 7.18000e-15
J124928.5-054844 192.36899 -5.81228 2.39000 8.17000 4.38880e-15 5.37000e-15
J124933.6-055023 192.39011 -5.83983 1.40000 17.30000 1.30810e-14 6.90000e-15
J124939.8-054341 192.41624 -5.72825 2.55000 11.80000 1.84010e-14 2.18000e-14
J124941.3-054433 192.42221 -5.74255 3.12000 10.00000 6.47380e-14 2.80000e-14
J124941.7-054916 192.42392 -5.82113 1.05000 54.50000 6.88180e-14 1.59000e-14
J124942.6-054748 192.42763 -5.79669 2.18000 7.96000 6.26930e-15 1.16000e-14
J154437.8-112659 236.15785 -11.44981 2.23000 8.89000 1.76270e-14 7.38000e-15
J154438.5-112634 236.16074 -11.44303 1.27000 95.10000 2.14100e-14 4.50000e-15
J154440.0-112741 236.16705 -11.46146 20.00000 14.60000 3.26720e-13 1.36000e-13
J154441.0-112557 236.17116 -11.43253 1.75000 15.00000 1.45270e-14 5.99000e-15
J154441.1-112456 236.17146 -11.41576 1.03000 325.00000 7.02730e-14 1.02000e-14
J162509.4-002052 246.28956 -0.34782 1.60000 11.10000 1.17360e-14 5.33000e-15
J162510.3-002127 246.29315 -0.35763 0.90000 105.00000 1.43180e-14 4.32000e-15
J162804.4-243137 247.01862 -24.52716 1.81000 6.44000 5.94350e-14 5.86000e-14
J162812.7-243121 247.05326 -24.52268 1.11000 34.70000 1.92740e-13 5.14000e-14
J174520.0-290400 266.33354 -29.06675 1.92000 167.00000 1.98230e-12 1.38000e-13
J174520.2-290324 266.33426 -29.05685 2.03000 8.17000 1.99950e-14 4.26000e-15
J174522.2-290415 266.34290 -29.07098 1.90000 6.50000 1.87370e-14 3.94000e-15
J174522.5-290312 266.34380 -29.05352 1.19000 16.50000 3.30960e-15 4.26000e-15
J174704.5-282941 266.76907 -28.49498 1.25000 10.50000 1.83910e-14 3.97000e-15
J174706.5-282946 266.77747 -28.49637 2.41000 21.40000 5.12290e-14 8.57000e-15
J174708.5-282910 266.78549 -28.48629 1.46000 19.10000 5.93250e-14 1.16000e-14
J174708.9-282926 266.78714 -28.49058 1.62000 7.73000 8.40310e-15 6.28000e-15
J174709.9-282832 266.79129 -28.47577 1.90000 8.74000 8.43880e-14 4.08000e-14
J174746.1-290247 266.94229 -29.04653 1.10000 22.30000 4.37380e-14 1.05000e-14
J174747.4-290608 266.94791 -29.10230 1.66000 6.13000 6.12140e-15 5.68000e-15
J174747.6-290452 266.94836 -29.08136 0.74000 254.00000 2.51910e-13 3.16000e-14
J174748.3-290533 266.95166 -29.09272 1.56000 9.03000 6.86990e-15 6.22000e-15
J174751.1-290330 266.96299 -29.05843 1.30000 10.00000 4.26910e-14 1.15000e-14
J174819.4-281545 267.08108 -28.26266 0.47000 93.70000 8.56830e-14 5.73000e-15
J175843.0-240053 269.67924 -24.01475 1.86000 28.20000 5.68330e-14 1.09000e-14
J175845.5-240011 269.68970 -24.00326 2.03000 15.80000 2.10630e-14 6.05000e-15
J175850.1-240204 269.70885 -24.03462 1.58000 389.00000 1.54750e-13 1.14000e-14
J175852.4-240127 269.71873 -24.02433 5.74000 25.00000 1.10250e-13 2.77000e-14
J175856.0-240117 269.73360 -24.02145 2.00000 11.30000 9.00060e-15 5.70000e-15
J175857.3-240150 269.73876 -24.03069 18.58000 11.50000 1.04590e-13 4.93000e-14
J180915.0-201620 272.31256 -20.27226 1.43000 16.50000 1.26200e-14 1.19000e-14
J180918.6-201531 272.32791 -20.25866 1.58000 11.10000 4.23290e-14 2.59000e-14
J181356.7-175802 273.48664 -17.96741 2.47000 10.30000 8.87710e-15 1.21000e-14
J181358.2-175626 273.49254 -17.94059 1.00000 28.60000 1.03320e-14 4.37000e-15
J181400.2-175606 273.50109 -17.93523 1.56000 15.00000 1.05020e-14 4.85000e-15
J181400.8-175820 273.50345 -17.97248 1.67000 11.70000 1.50230e-14 8.22000e-15
J181401.0-175706 273.50418 -17.95185 6.40000 11.70000 2.25910e-14 1.68000e-14
J181401.1-180012 273.50463 -18.00360 1.79000 103.00000 2.49110e-13 4.16000e-14
J181405.2-175833 273.52201 -17.97604 1.81000 6.88000 6.79960e-15 6.35000e-15
J181405.8-173403 273.52418 -17.56762 2.52000 7.39000 5.37920e-14 6.66000e-14
J181410.2-173520 273.54285 -17.58892 1.90000 37.90000 5.92460e-13 1.52000e-13
J181412.7-173357 273.55328 -17.56606 2.53000 8.62000 5.76820e-14 5.54000e-14
J181920.1-204541 274.83391 -20.76149 0.31000 16700.00000 9.41790e-13 2.35000e-14
J181922.0-204536 274.84190 -20.76026 0.41000 988.00000 1.22600e-13 8.75000e-15
J181925.4-204422 274.85597 -20.73945 1.67000 10.70000 9.92060e-15 4.49000e-15
J181931.2-204358 274.88039 -20.73280 1.75000 6.70000 6.55060e-15 3.80000e-15
J181932.0-204804 274.88374 -20.80127 1.42000 22.20000 4.44260e-15 2.26000e-15
J181939.1-204547 274.91326 -20.76317 1.18000 43.40000 7.74070e-15 3.94000e-15
J183659.4-240027 279.24763 -24.00774 0.97000 193.00000 3.89110e-14 9.44000e-15
J183718.8-235958 279.32843 -23.99962 2.73000 9.57000 1.80680e-14 1.47000e-14
J183730.2-071737 279.37584 -7.29378 1.86000 7.29000 7.16100e-15 4.41000e-15
J183731.9-071716 279.38294 -7.28787 0.74000 341.00000 3.61090e-14 4.43000e-15
J183734.6-071838 279.39439 -7.31064 0.68000 493.00000 6.21280e-14 6.68000e-15
J183735.2-071728 279.39693 -7.29122 1.29000 14.30000 4.10170e-14 9.73000e-15
J183736.8-071711 279.40375 -7.28659 1.88000 9.77000 5.71120e-15 3.68000e-15
J183740.4-071706 279.41850 -7.28500 1.71000 11.30000 4.14710e-15 2.72000e-15
J184251.8-035824 280.71600 -3.97350 1.80000 9.36000 6.29470e-15 3.06000e-15
J184300.3-035805 280.75166 -3.96813 1.26000 40.30000 4.33930e-15 1.95000e-15
J184311.4-035951 280.79769 -3.99759 1.89000 6.83000 1.06200e-14 4.95000e-15
J184341.4-032120 280.92279 -3.35582 1.49000 12.10000 3.53000e-14 9.74000e-15
J184821.6-014110 282.09034 -1.68616 1.15000 33.50000 1.82970e-14 3.60000e-15
J184824.8-014243 282.10352 -1.71199 1.51000 15.50000 1.02840e-15 1.46000e-15
J184825.0-014043 282.10424 -1.67880 1.82000 7.32000 1.86220e-15 1.34000e-15
J184832.2-014021 282.13423 -1.67254 1.24000 34.70000 7.33940e-15 2.19000e-15
J185531.5+045432 283.88127 4.90897 2.19000 27.50000 1.09580e-13 2.44000e-14
J192106.0+150203 290.27528 15.03429 1.09000 116.00000 1.96440e-13 2.77000e-14
J192115.7+150159 290.31580 15.03313 1.03000 82.50000 2.23790e-14 6.15000e-15
J192129.5+145918 290.37317 14.98847 2.13000 6.23000 5.84310e-15 5.49000e-15
J192135.7+150638 290.39898 15.11081 1.87000 18.10000 4.14010e-15 1.55000e-14
J192137.6+150520 290.40699 15.08905 2.25000 8.73000 7.76100e-14 3.46000e-14
J203315.2+434914 308.31352 43.82078 3.14000 22.80000 1.07930e-13 5.17000e-14
J205742.2+434723 314.42588 43.78982 0.93000 35.90000 8.55240e-15 4.86000e-15
J205745.0+434841 314.43753 43.81139 0.54000 204.00000 2.53470e-14 4.84000e-15
J205748.7+435023 314.45324 43.83981 0.41000 735.00000 4.04670e-14 3.81000e-15
J205750.8+435233 314.46206 43.87607 1.07000 10.70000 1.98770e-14 5.20000e-15
J205754.6+434935 314.47759 43.82665 0.88000 93.70000 9.59990e-15 3.55000e-15
J205755.3+434954 314.48053 43.83193 1.55000 8.63000 7.58100e-15 5.90000e-15
J205756.5+435235 314.48576 43.87654 0.67000 95.90000 1.45150e-14 3.36000e-15
J205757.5+435008 314.48961 43.83582 0.50000 407.00000 2.38600e-14 2.64000e-15
J205759.9+435326 314.49964 43.89079 0.94000 78.20000 1.54680e-14 3.65000e-15
J205801.3+434519 314.50564 43.75546 1.19000 30.50000 1.97690e-14 1.13000e-14
J205806.0+434932 314.52508 43.82578 0.64000 117.00000 1.14580e-14 3.35000e-15
J205806.0+435301 314.52528 43.88366 0.54000 211.00000 1.94890e-14 3.20000e-15
J205808.8+434659 314.53699 43.78333 0.49000 1100.00000 1.46330e-13 1.33000e-14
J205809.6+434901 314.54025 43.81713 1.26000 21.10000 2.60050e-14 7.28000e-15
J205810.0+434537 314.54167 43.76034 1.36000 39.90000 2.04790e-14 7.12000e-15
J210346.7-111517 315.94499 -11.25498 2.26000 6.54000 9.02950e-15 5.69000e-15
J210350.0-111338 315.95848 -11.22734 1.09000 85.50000 3.21410e-14 8.69000e-15
J214652.4+472850 326.71859 47.48067 1.58000 6.08000 2.62650e-14 7.01000e-15
J214655.3+473146 326.73045 47.52946 1.47000 34.50000 3.34310e-15 2.63000e-15
J214656.8+472843 326.73701 47.47866 0.50000 854.00000 4.25520e-14 4.42000e-15
J214659.2+473204 326.74695 47.53456 1.53000 8.79000 1.59450e-14 4.21000e-15
J214659.9+473723 326.74986 47.62313 1.51000 18.70000 5.50840e-15 2.47000e-15
J214702.2+473533 326.75925 47.59259 0.91000 133.00000 3.28640e-14 5.41000e-15
J214702.2+473019 326.75933 47.50536 2.04000 6.18000 3.71440e-15 2.54000e-15
J214719.9+472852 326.83304 47.48114 1.64000 17.60000 7.96140e-15 4.25000e-15
J214720.6+473203 326.83601 47.53441 0.58000 364.00000 4.55340e-14 5.08000e-15
J214720.8+472535 326.83700 47.42648 1.79000 13.10000 3.61900e-15 2.46000e-15
J214722.7+473215 326.84460 47.53752 0.46000 917.00000 1.61780e-13 9.31000e-15
J214723.6+472809 326.84869 47.46931 1.55000 8.41000 5.87550e-15 4.53000e-15
J214724.6+472556 326.85262 47.43236 0.90000 112.00000 2.84430e-14 7.08000e-15
J214726.5+472643 326.86061 47.44538 1.58000 13.50000 6.52500e-15 3.03000e-15
J214726.9+473330 326.86209 47.55854 1.33000 13.60000 1.04750e-14 3.31000e-15
J214729.5+472505 326.87293 47.41814 1.19000 38.00000 1.09050e-14 4.51000e-15
J214732.3+473223 326.88500 47.53997 0.37000 3230.00000 2.27270e-13 9.72000e-15
J214735.7+473038 326.89892 47.51075 0.74000 185.00000 3.29380e-14 4.88000e-15
J220942.0+592422 332.42524 59.40621 2.51000 6.01000 1.94690e-14 1.42000e-14
J220946.3+592251 332.44331 59.38083 2.31000 6.72000 6.22950e-14 2.36000e-14
J220948.4+592616 332.45185 59.43798 0.47000 221.00000 1.25920e-13 1.22000e-14
J220949.9+592805 332.45825 59.46811 2.16000 11.90000 6.35570e-15 8.21000e-15
J220950.2+592754 332.45952 59.46520 1.49000 29.20000 2.14600e-14 7.46000e-15
J220951.9+592208 332.46651 59.36898 2.11000 11.20000 7.22330e-15 4.10000e-15
J220955.1+592640 332.47965 59.44459 2.08000 6.85000 4.54280e-14 1.79000e-14
J220955.5+592448 332.48152 59.41352 0.87000 43.70000 1.53020e-14 3.43000e-15
J221000.3+592616 332.50160 59.43794 2.01000 6.35000 1.46850e-14 6.38000e-15
J221004.1+592425 332.51745 59.40707 2.16000 7.26000 3.47750e-15 3.04000e-15
J221005.3+592821 332.52244 59.47270 2.17000 8.67000 2.53470e-15 3.13000e-15
J221006.4+592831 332.52670 59.47548 1.87000 9.78000 1.35990e-14 5.90000e-15
J221007.4+592327 332.53094 59.39088 0.78000 44.90000 4.25630e-15 1.33000e-15
J221008.2+592808 332.53423 59.46890 2.14000 8.97000 4.00260e-15 1.72000e-15
J221014.2+592211 332.55924 59.36994 1.55000 8.86000 3.95820e-15 3.42000e-15
J221015.5+592140 332.56481 59.36134 0.90000 25.30000 2.75560e-15 1.24000e-15
J221016.7+592828 332.56967 59.47471 1.68000 19.10000 6.17040e-15 3.94000e-15
J221022.0+592713 332.59192 59.45388 1.06000 14.10000 2.65100e-15 1.06000e-15
J221022.9+592318 332.59546 59.38836 2.47000 8.79000 1.39810e-14 5.29000e-15
J221023.9+592636 332.59998 59.44350 2.14000 8.56000 4.49100e-15 3.01000e-15
J221025.1+592624 332.60462 59.44007 0.80000 22.30000 6.91150e-15 1.75000e-15
J235641.4+681335 359.17255 68.22658 1.90000 37.70000 3.99760e-14 2.36000e-14
J235646.4+681357 359.19370 68.23276 2.52000 15.20000 1.07150e-13 4.53000e-14
J235658.5+681124 359.24386 68.19008 1.89000 6.26000 8.67020e-15 7.84000e-15
