3400.  8.769778E-16
3401.07  7.709758E-16
3402.14  7.199390E-16
3403.21  8.994138E-16
3404.28  7.903958E-16
3405.35  6.424058E-16
3406.42  8.785891E-16
3407.49  9.739037E-16
3408.56  6.921343E-16
3409.63  6.856774E-16
3410.7  7.332701E-16
3411.77  6.575927E-16
3412.84  7.100777E-16
3413.91  7.945361E-16
3414.98  8.672594E-16
3416.05  7.644021E-16
3417.12  7.064387E-16
3418.19  7.727206E-16
3419.26  7.606874E-16
3420.33  7.937213E-16
3421.4  7.816791E-16
3422.47  6.524377E-16
3423.54  6.645936E-16
3424.61  6.994288E-16
3425.68  7.529892E-16
3426.75  7.479827E-16
3427.82  6.956343E-16
3428.89  5.799163E-16
3429.96  5.606407E-16
3431.03  6.551076E-16
3432.1  6.216421E-16
3433.17  6.886717E-16
3434.24  6.818944E-16
3435.31  6.154556E-16
3436.38  5.818196E-16
3437.45  6.982211E-16
3438.52  6.867486E-16
3439.59  5.410096E-16
3440.66  6.493718E-16
3441.73  6.497961E-16
3442.8  7.056779E-16
3443.87  7.189363E-16
3444.94  7.015825E-16
3446.01  7.414897E-16
3447.08  6.305168E-16
3448.15  6.675341E-16
3449.22  5.251983E-16
3450.29  6.738210E-16
3451.36  6.851465E-16
3452.43  7.292540E-16
3453.5  7.500258E-16
3454.57  6.444225E-16
3455.64  6.525557E-16
3456.71  6.954166E-16
3457.78  5.540640E-16
3458.85  7.779574E-16
3459.92  6.475710E-16
3460.99  5.968905E-16
3462.06  5.674328E-16
3463.13  7.122641E-16
3464.2  6.035133E-16
3465.27  6.684230E-16
3466.34  6.245261E-16
3467.41  5.904968E-16
3468.48  5.435984E-16
3469.55  7.176336E-16
3470.62  7.738958E-16
3471.69  6.486124E-16
3472.76  5.836907E-16
3473.83  7.273889E-16
3474.9  7.217917E-16
3475.97  7.161350E-16
3477.04  6.188771E-16
3478.11  6.013690E-16
3479.18  5.916597E-16
3480.25  6.238308E-16
3481.32  5.591147E-16
3482.39  6.420746E-16
3483.46  5.613210E-16
3484.53  5.160723E-16
3485.6  5.306324E-16
3486.67  5.293040E-16
3487.74  5.709806E-16
3488.81  5.381602E-16
3489.88  5.497107E-16
3490.95  5.424824E-16
3492.02  4.951450E-16
3493.09  5.483285E-16
3494.16  6.077972E-16
3495.23  5.095061E-16
3496.3  4.884574E-16
3497.37  5.544817E-16
3498.44  5.706327E-16
3499.51  5.787552E-16
3500.58  6.614015E-16
3501.65  6.240392E-16
3502.72  6.019440E-16
3503.79  5.716717E-16
3504.86  7.594246E-16
3505.93  6.683243E-16
3507.  6.451042E-16
3508.07  6.189410E-16
3509.14  5.918529E-16
3510.21  5.871895E-16
3511.28  5.030601E-16
3512.35  6.452039E-16
3513.42  7.246820E-16
3514.49  6.484202E-16
3515.56  5.858279E-16
3516.63  5.459836E-16
3517.7  5.865599E-16
3518.77  6.341874E-16
3519.84  6.613396E-16
3520.91  5.971481E-16
3521.98  6.132371E-16
3523.05  6.385770E-16
3524.12  5.719971E-16
3525.19  7.080730E-16
3526.26  7.327339E-16
3527.33  6.737528E-16
3528.4  6.761372E-16
3529.47  7.325171E-16
3530.54  6.144195E-16
3531.61  6.097534E-16
3532.68  6.402161E-16
3533.75  5.873334E-16
3534.82  5.647600E-16
3535.89  6.115531E-16
3536.96  6.474811E-16
3538.03  6.356796E-16
3539.1  6.140563E-16
3540.17  6.801316E-16
3541.24  6.699081E-16
3542.31  6.363903E-16
3543.38  6.103050E-16
3544.45  6.406471E-16
3545.52  6.537088E-16
3546.59  6.563206E-16
3547.66  6.811115E-16
3548.73  6.424977E-16
3549.8  6.239715E-16
3550.87  7.830515E-16
3551.94  7.097269E-16
3553.01  6.589185E-16
3554.08  6.173241E-16
3555.15  5.067665E-16
3556.22  6.079068E-16
3557.29  6.143510E-16
3558.36  5.830472E-16
3559.43  5.700538E-16
3560.5  5.352467E-16
3561.57  5.068554E-16
3562.64  5.551969E-16
3563.71  5.502925E-16
3564.78  5.702406E-16
3565.85  6.042243E-16
3566.92  5.127373E-16
3567.99  4.870995E-16
3569.06  5.109143E-16
3570.13  4.951885E-16
3571.2  4.736583E-16
3572.27  5.146361E-16
3573.34  5.682290E-16
3574.41  5.633453E-16
3575.48  5.530930E-16
3576.55  5.645618E-16
3577.62  4.850916E-16
3578.69  5.169767E-16
3579.76  5.143303E-16
3580.83  5.135391E-16
3581.9  4.908521E-16
3582.97  4.735910E-16
3584.04  4.699904E-16
3585.11  5.102523E-16
3586.18  4.882724E-16
3587.25  5.332131E-16
3588.32  5.359441E-16
3589.39  5.107434E-16
3590.46  5.485521E-16
3591.53  5.304874E-16
3592.6  5.207436E-16
3593.67  5.247768E-16
3594.74  5.492862E-16
3595.81  5.076825E-16
3596.88  4.879024E-16
3597.95  5.198033E-16
3599.02  5.428929E-16
3600.09  5.205456E-16
3601.16  5.017588E-16
3602.23  5.818446E-16
3603.3  5.708676E-16
3604.37  5.610377E-16
3605.44  6.531208E-16
3606.51  6.120070E-16
3607.58  5.039722E-16
3608.65  5.477946E-16
3609.72  5.802373E-16
3610.79  6.017482E-16
3611.86  5.282994E-16
3612.93  5.156049E-16
3614.  6.047465E-16
3615.07  6.184720E-16
3616.14  6.270613E-16
3617.21  5.817541E-16
3618.28  5.198541E-16
3619.35  6.336377E-16
3620.42  6.775824E-16
3621.49  6.888226E-16
3622.56  6.728720E-16
3623.63  5.924025E-16
3624.7  5.713929E-16
3625.77  5.803475E-16
3626.84  5.952096E-16
3627.91  5.690348E-16
3628.98  5.461618E-16
3630.05  5.153252E-16
3631.12  5.192977E-16
3632.19  5.331610E-16
3633.26  5.809059E-16
3634.33  5.563624E-16
3635.4  4.760415E-16
3636.47  5.563056E-16
3637.54  5.957286E-16
3638.61  5.613759E-16
3639.68  5.760224E-16
3640.75  5.586946E-16
3641.82  5.028542E-16
3642.89  5.113619E-16
3643.96  5.282261E-16
3645.03  5.071302E-16
3646.1  4.723983E-16
3647.17  4.604190E-16
3648.24  4.682309E-16
3649.31  4.572815E-16
3650.38  4.836176E-16
3651.45  4.712817E-16
3652.52  4.288805E-16
3653.59  4.512462E-16
3654.66  4.619848E-16
3655.73  4.452811E-16
3656.8  4.184206E-16
3657.87  4.203241E-16
3658.94  4.189931E-16
3660.01  3.940753E-16
3661.08  3.728813E-16
3662.15  4.139894E-16
3663.22  4.744954E-16
3664.29  5.145250E-16
3665.36  4.624213E-16
3666.43  4.009630E-16
3667.5  3.920616E-16
3668.57  3.808362E-16
3669.64  4.585852E-16
3670.71  4.606615E-16
3671.78  4.181865E-16
3672.85  4.286089E-16
3673.92  4.273679E-16
3674.99  4.565735E-16
3676.06  4.910153E-16
3677.13  4.795284E-16
3678.2  4.185412E-16
3679.27  4.175907E-16
3680.34  4.672182E-16
3681.41  4.867948E-16
3682.48  4.663490E-16
3683.55  4.922729E-16
3684.62  5.364469E-16
3685.69  4.865408E-16
3686.76  5.256909E-16
3687.83  6.159376E-16
3688.9  5.123238E-16
3689.97  4.793834E-16
3691.04  4.843411E-16
3692.11  4.990560E-16
3693.18  4.959582E-16
3694.25  5.196450E-16
3695.32  5.451633E-16
3696.39  5.655754E-16
3697.46  5.191854E-16
3698.53  4.814976E-16
3699.6  5.936494E-16
3700.67  6.321628E-16
3701.74  6.356259E-16
3702.81  5.711245E-16
3703.88  5.482182E-16
3704.95  5.710571E-16
3706.02  5.620214E-16
3707.09  5.815403E-16
3708.16  5.394757E-16
3709.23  5.747445E-16
3710.3  5.075385E-16
3711.37  5.395996E-16
3712.44  5.630889E-16
3713.51  5.201707E-16
3714.58  5.232060E-16
3715.65  5.012593E-16
3716.72  5.059531E-16
3717.79  5.534395E-16
3718.86  6.481702E-16
3719.93  5.510326E-16
3721.  5.352682E-16
3722.07  5.977431E-16
3723.14  5.314198E-16
3724.21  5.168398E-16
3725.28  5.008060E-16
3726.35  5.077218E-16
3727.42  5.355331E-16
3728.49  4.674271E-16
3729.56  4.250305E-16
3730.63  4.723046E-16
3731.7  4.437233E-16
3732.77  4.391671E-16
3733.84  4.421556E-16
3734.91  4.259146E-16
3735.98  5.122934E-16
3737.05  5.073385E-16
3738.12  4.978025E-16
3739.19  4.416400E-16
3740.26  4.122567E-16
3741.33  3.984959E-16
3742.4  4.125070E-16
3743.47  3.976958E-16
3744.54  3.563260E-16
3745.61  3.884255E-16
3746.68  4.298417E-16
3747.75  3.937061E-16
3748.82  3.978914E-16
3749.89  3.646526E-16
3750.96  4.271149E-16
3752.03  4.093214E-16
3753.1  3.734243E-16
3754.17  3.619409E-16
3755.24  4.025800E-16
3756.31  3.764012E-16
3757.38  3.805974E-16
3758.45  4.040567E-16
3759.52  3.779865E-16
3760.59  3.535152E-16
3761.66  3.750753E-16
3762.73  3.997008E-16
3763.8  3.823157E-16
3764.87  3.617413E-16
3765.94  3.373234E-16
3767.01  3.595189E-16
3768.08  3.832996E-16
3769.15  4.204374E-16
3770.22  3.986665E-16
3771.29  3.583494E-16
3772.36  4.224820E-16
3773.43  4.297523E-16
3774.5  4.297415E-16
3775.57  3.930341E-16
3776.64  3.790280E-16
3777.71  4.105292E-16
3778.78  4.308304E-16
3779.85  3.888996E-16
3780.92  4.427922E-16
3781.99  4.614053E-16
3783.06  4.423512E-16
3784.13  3.897384E-16
3785.2  3.889710E-16
3786.27  4.024094E-16
3787.34  4.213977E-16
3788.41  4.095569E-16
3789.48  3.853220E-16
3790.55  4.089428E-16
3791.62  4.142035E-16
3792.69  3.799583E-16
3793.76  3.610056E-16
3794.83  4.212214E-16
3795.9  4.457969E-16
3796.97  4.497575E-16
3798.04  4.451634E-16
3799.11  4.099479E-16
3800.18  4.317358E-16
3801.25  4.156995E-16
3802.32  4.144921E-16
3803.39  4.295631E-16
3804.46  4.483456E-16
3805.53  4.540330E-16
3806.6  4.653065E-16
3807.67  4.240377E-16
3808.74  4.273469E-16
3809.81  4.493896E-16
3810.88  4.696122E-16
3811.95  4.593800E-16
3813.02  4.530231E-16
3814.09  4.909579E-16
3815.16  5.002008E-16
3816.23  5.109900E-16
3817.3  4.930419E-16
3818.37  5.186461E-16
3819.44  4.868637E-16
3820.51  4.737224E-16
3821.58  4.191205E-16
3822.65  4.360248E-16
3823.72  4.685896E-16
3824.79  4.218848E-16
3825.86  4.393160E-16
3826.93  4.784466E-16
3828.  4.741174E-16
3829.07  4.639994E-16
3830.14  4.382959E-16
3831.21  4.172536E-16
3832.28  4.257871E-16
3833.35  3.803216E-16
3834.42  3.428215E-16
3835.49  4.021674E-16
3836.56  4.363885E-16
3837.63  4.145674E-16
3838.7  3.963490E-16
3839.77  4.081413E-16
3840.84  4.570282E-16
3841.91  4.648620E-16
3842.98  4.172999E-16
3844.05  4.282560E-16
3845.12  4.297211E-16
3846.19  4.252326E-16
3847.26  4.363691E-16
3848.33  4.116256E-16
3849.4  3.943190E-16
3850.47  3.948114E-16
3851.54  4.336200E-16
3852.61  4.497870E-16
3853.68  4.212780E-16
3854.75  4.322147E-16
3855.82  4.712462E-16
3856.89  4.487342E-16
3857.96  4.263706E-16
3859.03  4.278298E-16
3860.1  4.261342E-16
3861.17  4.354868E-16
3862.24  4.580764E-16
3863.31  4.520881E-16
3864.38  4.371488E-16
3865.45  4.325898E-16
3866.52  4.257393E-16
3867.59  4.085471E-16
3868.66  4.238237E-16
3869.73  4.149525E-16
3870.8  4.185912E-16
3871.87  4.278458E-16
3872.94  4.305911E-16
3874.01  4.298240E-16
3875.08  4.173588E-16
3876.15  3.965530E-16
3877.22  3.767426E-16
3878.29  3.589895E-16
3879.36  3.150652E-16
3880.43  2.995724E-16
3881.5  3.443082E-16
3882.57  3.832226E-16
3883.64  3.572295E-16
3884.71  3.131821E-16
3885.78  3.041729E-16
3886.85  3.283419E-16
3887.92  2.851685E-16
3888.99  2.890328E-16
3890.06  3.203226E-16
3891.13  3.191705E-16
3892.2  3.258382E-16
3893.27  3.173500E-16
3894.34  3.555204E-16
3895.41  3.891489E-16
3896.48  3.744697E-16
3897.55  3.940532E-16
3898.62  4.081963E-16
3899.69  3.831580E-16
3900.76  4.103673E-16
3901.83  4.011791E-16
3902.9  4.003369E-16
3903.97  4.381687E-16
3905.04  4.506505E-16
3906.11  4.365073E-16
3907.18  4.597007E-16
3908.25  4.609525E-16
3909.32  4.529454E-16
3910.39  4.499668E-16
3911.46  4.573065E-16
3912.53  4.523521E-16
3913.6  4.478800E-16
3914.67  5.105934E-16
3915.74  5.054887E-16
3916.81  5.084276E-16
3917.88  5.036718E-16
3918.95  4.938961E-16
3920.02  4.518347E-16
3921.09  4.932297E-16
3922.16  5.134445E-16
3923.23  4.840828E-16
3924.3  4.902321E-16
3925.37  4.913980E-16
3926.44  4.869439E-16
3927.51  5.118313E-16
3928.58  4.889498E-16
3929.65  4.592894E-16
3930.72  4.399671E-16
3931.79  4.555618E-16
3932.86  4.643375E-16
3933.93  4.661083E-16
3935.  4.608366E-16
3936.07  4.564814E-16
3937.14  4.592825E-16
3938.21  4.286525E-16
3939.28  4.626967E-16
3940.35  4.818793E-16
3941.42  4.414322E-16
3942.49  4.331339E-16
3943.56  4.617587E-16
3944.63  4.385056E-16
3945.7  4.323318E-16
3946.77  4.481848E-16
3947.84  4.191791E-16
3948.91  4.086413E-16
3949.98  3.975790E-16
3951.05  4.266774E-16
3952.12  4.637962E-16
3953.19  4.147463E-16
3954.26  3.624728E-16
3955.33  3.467370E-16
3956.4  3.850873E-16
3957.47  3.718528E-16
3958.54  3.583725E-16
3959.61  3.277259E-16
3960.68  3.190190E-16
3961.75  3.236715E-16
3962.82  2.543010E-16
3963.89  2.601341E-16
3964.96  3.196562E-16
3966.03  3.374682E-16
3967.1  3.279912E-16
3968.17  2.830156E-16
3969.24  2.817736E-16
3970.31  3.313535E-16
3971.38  2.886831E-16
3972.45  2.736081E-16
3973.52  3.182443E-16
3974.59  3.250431E-16
3975.66  3.179497E-16
3976.73  3.017203E-16
3977.8  3.357630E-16
3978.87  3.604620E-16
3979.94  4.041118E-16
3981.01  3.906438E-16
3982.08  3.538254E-16
3983.15  3.774611E-16
3984.22  3.789629E-16
3985.29  3.777990E-16
3986.36  4.069286E-16
3987.43  4.187464E-16
3988.5  3.714421E-16
3989.57  4.028543E-16
3990.64  4.247985E-16
3991.71  4.124563E-16
3992.78  3.954826E-16
3993.85  4.213512E-16
3994.92  4.178092E-16
3995.99  4.954831E-16
3997.06  4.658819E-16
3998.13  4.529839E-16
3999.2  4.413006E-16
4000.27  4.390139E-16
4001.34  4.879754E-16
4002.41  4.854158E-16
4003.48  4.586189E-16
4004.55  4.409681E-16
4005.62  4.340314E-16
4006.69  4.566446E-16
4007.76  4.853610E-16
4008.83  4.677788E-16
4009.9  4.668565E-16
4010.97  5.301280E-16
4012.04  4.838292E-16
4013.11  4.776141E-16
4014.18  4.318845E-16
4015.25  4.895407E-16
4016.32  5.008427E-16
4017.39  4.587239E-16
4018.46  4.297255E-16
4019.53  4.415075E-16
4020.6  4.961227E-16
4021.67  5.231542E-16
4022.74  4.866162E-16
4023.81  4.653580E-16
4024.88  5.138322E-16
4025.95  5.032623E-16
4027.02  5.258941E-16
4028.09  5.356190E-16
4029.16  4.939187E-16
4030.23  4.917741E-16
4031.3  4.398480E-16
4032.37  4.798554E-16
4033.44  4.724627E-16
4034.51  4.696712E-16
4035.58  4.539171E-16
4036.65  4.609279E-16
4037.72  5.101121E-16
4038.79  4.923870E-16
4039.86  4.395014E-16
4040.93  4.655781E-16
4042.  4.982076E-16
4043.07  4.467797E-16
4044.14  4.886080E-16
4045.21  5.213176E-16
4046.28  4.827004E-16
4047.35  4.985219E-16
4048.42  4.798690E-16
4049.49  4.592123E-16
4050.56  4.865033E-16
4051.63  5.060749E-16
4052.7  5.005156E-16
4053.77  5.096157E-16
4054.84  4.562351E-16
4055.91  4.567957E-16
4056.98  4.794095E-16
4058.05  4.303180E-16
4059.12  4.473829E-16
4060.19  4.822544E-16
4061.26  4.833141E-16
4062.33  4.456289E-16
4063.4  4.282177E-16
4064.47  4.484673E-16
4065.54  4.510981E-16
4066.61  4.588237E-16
4067.68  4.178869E-16
4068.75  3.830642E-16
4069.82  4.162302E-16
4070.89  4.378553E-16
4071.96  4.415561E-16
4073.03  4.535586E-16
4074.1  4.838743E-16
4075.17  4.762693E-16
4076.24  4.465314E-16
4077.31  4.541217E-16
4078.38  4.363861E-16
4079.45  3.958401E-16
4080.52  3.983133E-16
4081.59  3.796773E-16
4082.66  3.861306E-16
4083.73  3.979016E-16
4084.8  3.760540E-16
4085.87  3.762975E-16
4086.94  3.280105E-16
4088.01  3.390774E-16
4089.08  3.310494E-16
4090.15  3.377240E-16
4091.22  3.218965E-16
4092.29  3.233168E-16
4093.36  3.049056E-16
4094.43  2.936723E-16
4095.5  3.204085E-16
4096.57  2.875113E-16
4097.64  2.986669E-16
4098.71  2.690711E-16
4099.78  2.343575E-16
4100.85  2.704950E-16
4101.92  2.806552E-16
4102.99  2.815988E-16
4104.06  2.700406E-16
4105.13  2.654505E-16
4106.2  2.944028E-16
4107.27  3.107927E-16
4108.34  2.955471E-16
4109.41  2.987897E-16
4110.48  3.408923E-16
4111.55  3.382224E-16
4112.62  3.559125E-16
4113.69  3.637360E-16
4114.76  3.636353E-16
4115.83  3.477662E-16
4116.9  3.767843E-16
4117.97  3.960904E-16
4119.04  3.848780E-16
4120.11  3.824736E-16
4121.18  3.639121E-16
4122.25  3.645351E-16
4123.32  3.936120E-16
4124.39  3.813796E-16
4125.46  3.915763E-16
4126.53  3.945881E-16
4127.6  4.103258E-16
4128.67  4.438815E-16
4129.74  4.150743E-16
4130.81  4.022068E-16
4131.88  4.072750E-16
4132.95  4.017006E-16
4134.02  4.063889E-16
4135.09  4.169158E-16
4136.16  4.073627E-16
4137.23  4.031567E-16
4138.3  4.320863E-16
4139.37  4.227990E-16
4140.44  4.162615E-16
4141.51  4.544648E-16
4142.58  4.878799E-16
4143.65  4.748600E-16
4144.72  4.452268E-16
4145.79  4.492967E-16
4146.86  4.479221E-16
4147.93  4.259702E-16
4149.  4.288388E-16
4150.07  4.595682E-16
4151.14  4.521566E-16
4152.21  4.578687E-16
4153.28  4.390408E-16
4154.35  4.452075E-16
4155.42  4.525417E-16
4156.49  4.588959E-16
4157.56  4.283060E-16
4158.63  4.120769E-16
4159.7  4.436985E-16
4160.77  4.556147E-16
4161.84  4.670600E-16
4162.91  4.529855E-16
4163.98  4.852198E-16
4165.05  4.902485E-16
4166.12  4.476386E-16
4167.19  4.503863E-16
4168.26  4.701990E-16
4169.33  4.827730E-16
4170.4  4.778042E-16
4171.47  4.994131E-16
4172.54  4.774391E-16
4173.61  4.651797E-16
4174.68  4.437077E-16
4175.75  4.605085E-16
4176.82  4.656439E-16
4177.89  5.041008E-16
4178.96  5.046990E-16
4180.03  4.867764E-16
4181.1  4.706594E-16
4182.17  4.409731E-16
4183.24  4.393927E-16
4184.31  4.665888E-16
4185.38  4.754188E-16
4186.45  4.878251E-16
4187.52  4.502235E-16
4188.59  4.216576E-16
4189.66  4.574298E-16
4190.73  4.968396E-16
4191.8  5.125971E-16
4192.87  5.141368E-16
4193.94  4.947003E-16
4195.01  4.961335E-16
4196.08  5.038824E-16
4197.15  4.612488E-16
4198.22  4.638866E-16
4199.29  4.907837E-16
4200.36  4.864074E-16
4201.43  4.948044E-16
4202.5  5.084312E-16
4203.57  4.836822E-16
4204.64  4.980855E-16
4205.71  5.050736E-16
4206.78  4.738288E-16
4207.85  4.819598E-16
4208.92  4.920292E-16
4209.99  4.903462E-16
4211.06  5.017204E-16
4212.13  4.900500E-16
4213.2  4.654477E-16
4214.27  4.787485E-16
4215.34  5.079554E-16
4216.41  4.892731E-16
4217.48  4.872699E-16
4218.55  4.856930E-16
4219.62  4.445233E-16
4220.69  4.522097E-16
4221.76  4.483405E-16
4222.83  4.430554E-16
4223.9  4.881545E-16
4224.97  4.952098E-16
4226.04  4.481381E-16
4227.11  4.321575E-16
4228.18  4.149222E-16
4229.25  4.233475E-16
4230.32  4.661232E-16
4231.39  4.567854E-16
4232.46  4.400117E-16
4233.53  4.312823E-16
4234.6  4.429454E-16
4235.67  4.681314E-16
4236.74  4.790769E-16
4237.81  4.261665E-16
4238.88  4.096256E-16
4239.95  4.352426E-16
4241.02  4.128099E-16
4242.09  4.228950E-16
4243.16  4.448937E-16
4244.23  4.124856E-16
4245.3  4.348897E-16
4246.37  3.944433E-16
4247.44  4.003256E-16
4248.51  4.442208E-16
4249.58  4.147620E-16
4250.65  4.264891E-16
4251.72  4.343478E-16
4252.79  4.436456E-16
4253.86  4.259591E-16
4254.93  4.147213E-16
4256.  3.856886E-16
4257.07  3.719406E-16
4258.14  3.649251E-16
4259.21  4.159138E-16
4260.28  4.359564E-16
4261.35  3.861319E-16
4262.42  3.984296E-16
4263.49  4.231320E-16
4264.56  4.131572E-16
4265.63  3.963648E-16
4266.7  3.955813E-16
4267.77  3.818188E-16
4268.84  3.949017E-16
4269.91  4.165877E-16
4270.98  3.731097E-16
4272.05  3.654586E-16
4273.12  3.959566E-16
4274.19  4.010619E-16
4275.26  3.969128E-16
4276.33  3.814358E-16
4277.4  3.894363E-16
4278.47  3.858868E-16
4279.54  3.908731E-16
4280.61  4.003888E-16
4281.68  3.712108E-16
4282.75  3.634507E-16
4283.82  3.745108E-16
4284.89  3.905242E-16
4285.96  4.053782E-16
4287.03  3.922333E-16
4288.1  3.885395E-16
4289.17  3.956227E-16
4290.24  3.915208E-16
4291.31  3.900828E-16
4292.38  3.845411E-16
4293.45  3.734448E-16
4294.52  3.750948E-16
4295.59  3.870825E-16
4296.66  3.908717E-16
4297.73  3.852529E-16
4298.8  3.587142E-16
4299.87  3.616945E-16
4300.94  3.649084E-16
4302.01  3.674305E-16
4303.08  3.670847E-16
4304.15  3.999333E-16
4305.22  3.988997E-16
4306.29  3.802694E-16
4307.36  3.674165E-16
4308.43  3.842191E-16
4309.5  3.602533E-16
4310.57  3.398593E-16
4311.64  3.324958E-16
4312.71  3.263904E-16
4313.78  2.885265E-16
4314.85  3.117410E-16
4315.92  3.287056E-16
4316.99  2.938052E-16
4318.06  3.195053E-16
4319.13  2.926563E-16
4320.2  3.160317E-16
4321.27  2.920275E-16
4322.34  3.127820E-16
4323.41  2.774387E-16
4324.48  2.785960E-16
4325.55  2.755506E-16
4326.62  2.858443E-16
4327.69  2.772937E-16
4328.76  2.579510E-16
4329.83  2.529758E-16
4330.9  2.537223E-16
4331.97  2.566774E-16
4333.04  2.315695E-16
4334.11  2.137068E-16
4335.18  1.843995E-16
4336.25  1.674691E-16
4337.32  2.056485E-16
4338.39  2.162438E-16
4339.46  2.196885E-16
4340.53  2.078512E-16
4341.6  2.079891E-16
4342.67  2.404911E-16
4343.74  2.460515E-16
4344.81  2.320787E-16
4345.88  2.392777E-16
4346.95  2.458391E-16
4348.02  2.804103E-16
4349.09  3.128388E-16
4350.16  2.988696E-16
4351.23  3.007167E-16
4352.3  3.038020E-16
4353.37  2.943544E-16
4354.44  3.057600E-16
4355.51  3.166103E-16
4356.58  3.218537E-16
4357.65  3.541166E-16
4358.72  3.683078E-16
4359.79  3.519746E-16
4360.86  3.466426E-16
4361.93  3.090073E-16
4363.  2.861701E-16
4364.07  3.063193E-16
4365.14  3.412292E-16
4366.21  3.403208E-16
4367.28  3.284470E-16
4368.35  3.162768E-16
4369.42  3.374101E-16
4370.49  3.544435E-16
4371.56  3.822184E-16
4372.63  3.998434E-16
4373.7  3.851023E-16
4374.77  3.715551E-16
4375.84  3.631937E-16
4376.91  3.666717E-16
4377.98  3.391413E-16
4379.05  3.584149E-16
4380.12  3.787373E-16
4381.19  3.629340E-16
4382.26  3.686057E-16
4383.33  3.606337E-16
4384.4  3.750362E-16
4385.47  3.693686E-16
4386.54  3.762379E-16
4387.61  3.599912E-16
4388.68  3.741576E-16
4389.75  3.755839E-16
4390.82  3.780820E-16
4391.89  3.703107E-16
4392.96  3.681293E-16
4394.03  3.736473E-16
4395.1  3.617428E-16
4396.17  3.589714E-16
4397.24  3.707169E-16
4398.31  3.611699E-16
4399.38  3.538425E-16
4400.45  3.579535E-16
4401.52  3.671533E-16
4402.59  3.816526E-16
4403.66  3.559251E-16
4404.73  3.639192E-16
4405.8  3.830797E-16
4406.87  3.840578E-16
4407.94  3.673061E-16
4409.01  3.527171E-16
4410.08  3.740293E-16
4411.15  3.891891E-16
4412.22  3.727985E-16
4413.29  3.546305E-16
4414.36  3.781422E-16
4415.43  3.916844E-16
4416.5  3.740191E-16
4417.57  3.788201E-16
4418.64  3.811150E-16
4419.71  3.913110E-16
4420.78  4.075546E-16
4421.85  3.814881E-16
4422.92  3.468550E-16
4423.99  3.684824E-16
4425.06  3.970392E-16
4426.13  3.791867E-16
4427.2  3.646949E-16
4428.27  3.472292E-16
4429.34  3.329775E-16
4430.41  3.886372E-16
4431.48  4.055436E-16
4432.55  3.755786E-16
4433.62  3.777593E-16
4434.69  3.867750E-16
4435.76  3.891590E-16
4436.83  4.034263E-16
4437.9  3.597401E-16
4438.97  3.760448E-16
4440.04  4.029506E-16
4441.11  3.768086E-16
4442.18  3.499469E-16
4443.25  3.688194E-16
4444.32  3.800385E-16
4445.39  3.935801E-16
4446.46  3.954360E-16
4447.53  3.892525E-16
4448.6  3.775173E-16
4449.67  3.492246E-16
4450.74  3.683515E-16
4451.81  4.054020E-16
4452.88  3.993011E-16
4453.95  3.987956E-16
4455.02  3.997662E-16
4456.09  3.786398E-16
4457.16  3.686130E-16
4458.23  3.474681E-16
4459.3  3.664297E-16
4460.37  3.668615E-16
4461.44  3.596442E-16
4462.51  3.784398E-16
4463.58  3.854250E-16
4464.65  4.020857E-16
4465.72  3.712608E-16
4466.79  3.375763E-16
4467.86  3.563046E-16
4468.93  3.513682E-16
4470.  3.703971E-16
4471.07  4.016170E-16
4472.14  3.689755E-16
4473.21  3.355672E-16
4474.28  3.453270E-16
4475.35  3.588501E-16
4476.42  3.722027E-16
4477.49  3.774456E-16
4478.56  3.580476E-16
4479.63  3.500715E-16
4480.7  3.686106E-16
4481.77  3.772001E-16
4482.84  3.763483E-16
4483.91  3.642365E-16
4484.98  3.185605E-16
4486.05  3.279437E-16
4487.12  3.348764E-16
4488.19  3.237328E-16
4489.26  3.505299E-16
4490.33  3.875908E-16
4491.4  4.127673E-16
4492.47  3.925232E-16
4493.54  3.888959E-16
4494.61  4.031778E-16
4495.68  3.636637E-16
4496.75  3.683279E-16
4497.82  3.655089E-16
4498.89  3.423963E-16
4499.96  3.133575E-16
4501.03  3.485575E-16
4502.1  3.301123E-16
4503.17  3.424956E-16
4504.24  3.679525E-16
4505.31  3.483226E-16
4506.38  3.897356E-16
4507.45  3.788259E-16
4508.52  3.592262E-16
4509.59  3.316502E-16
4510.66  3.736073E-16
4511.73  3.824689E-16
4512.8  3.698407E-16
4513.87  3.390696E-16
4514.94  3.457247E-16
4516.01  3.383003E-16
4517.08  3.379118E-16
4518.15  3.485371E-16
4519.22  3.285513E-16
4520.29  3.443583E-16
4521.36  3.636831E-16
4522.43  3.805245E-16
4523.5  3.687450E-16
4524.57  3.814461E-16
4525.64  4.079837E-16
4526.71  3.811585E-16
4527.78  3.593307E-16
4528.85  3.401249E-16
4529.92  2.990781E-16
4530.99  3.447299E-16
4532.06  3.850835E-16
4533.13  3.305460E-16
4534.2  3.258952E-16
4535.27  3.618897E-16
4536.34  3.857792E-16
4537.41  3.690455E-16
4538.48  3.282455E-16
4539.55  3.272978E-16
4540.62  3.412053E-16
4541.69  3.476903E-16
4542.76  3.364162E-16
4543.83  3.424778E-16
4544.9  3.430616E-16
4545.97  3.577450E-16
4547.04  3.506585E-16
4548.11  3.537375E-16
4549.18  2.906627E-16
4550.25  3.005417E-16
4551.32  3.925024E-16
4552.39  3.575472E-16
4553.46  3.223553E-16
4554.53  3.331687E-16
4555.6  3.305059E-16
4556.67  3.338107E-16
4557.74  3.521459E-16
4558.81  3.398795E-16
4559.88  3.288965E-16
4560.95  3.468294E-16
4562.02  3.768141E-16
4563.09  3.488133E-16
4564.16  3.464027E-16
4565.23  3.218043E-16
4566.3  3.142941E-16
4567.37  3.449352E-16
4568.44  3.195302E-16
4569.51  3.283358E-16
4570.58  3.175155E-16
4571.65  3.489004E-16
4572.72  3.451041E-16
4573.79  3.273951E-16
4574.86  3.353163E-16
4575.93  3.392003E-16
4577.  3.494850E-16
4578.07  3.450513E-16
4579.14  3.384699E-16
4580.21  3.313731E-16
4581.28  3.359654E-16
4582.35  3.515015E-16
4583.42  3.404116E-16
4584.49  3.449709E-16
4585.56  3.269598E-16
4586.63  3.580691E-16
4587.7  3.830223E-16
4588.77  3.283067E-16
4589.84  3.091610E-16
4590.91  3.154961E-16
4591.98  3.424558E-16
4593.05  3.457296E-16
4594.12  3.378997E-16
4595.19  3.636347E-16
4596.26  3.264216E-16
4597.33  3.142696E-16
4598.4  3.387113E-16
4599.47  3.600345E-16
4600.54  3.591953E-16
4601.61  3.331478E-16
4602.68  3.534295E-16
4603.75  3.199687E-16
4604.82  3.587954E-16
4605.89  3.621497E-16
4606.96  3.337415E-16
4608.03  3.243234E-16
4609.1  3.439639E-16
4610.17  3.650449E-16
4611.24  3.704286E-16
4612.31  3.633614E-16
4613.38  3.174683E-16
4614.45  3.308698E-16
4615.52  2.947938E-16
4616.59  3.167192E-16
4617.66  3.256361E-16
4618.73  3.312169E-16
4619.8  3.044460E-16
4620.87  3.187552E-16
4621.94  3.203381E-16
4623.01  3.251434E-16
4624.08  3.360715E-16
4625.15  3.407884E-16
4626.22  3.298659E-16
4627.29  3.077058E-16
4628.36  3.059296E-16
4629.43  3.016536E-16
4630.5  3.486431E-16
4631.57  3.578796E-16
4632.64  3.516747E-16
4633.71  3.320116E-16
4634.78  3.231009E-16
4635.85  3.529520E-16
4636.92  3.362606E-16
4637.99  3.244626E-16
4639.06  3.363593E-16
4640.13  3.264918E-16
4641.2  3.645861E-16
4642.27  3.323031E-16
4643.34  3.178570E-16
4644.41  3.113924E-16
4645.48  3.271252E-16
4646.55  3.369330E-16
4647.62  3.004577E-16
4648.69  2.921865E-16
4649.76  3.048191E-16
4650.83  3.394705E-16
4651.9  3.491959E-16
4652.97  3.100581E-16
4654.04  3.084565E-16
4655.11  3.294333E-16
4656.18  3.123570E-16
4657.25  3.461907E-16
4658.32  3.556953E-16
4659.39  3.130862E-16
4660.46  3.341076E-16
4661.53  3.229232E-16
4662.6  3.036907E-16
4663.67  2.979696E-16
4664.74  3.053858E-16
4665.81  2.941525E-16
4666.88  3.229944E-16
4667.95  3.321296E-16
4669.02  3.273635E-16
4670.09  3.179717E-16
4671.16  3.027661E-16
4672.23  3.236858E-16
4673.3  3.231004E-16
4674.37  3.246937E-16
4675.44  3.082475E-16
4676.51  3.322991E-16
4677.58  3.433262E-16
4678.65  2.752112E-16
4679.72  2.781865E-16
4680.79  2.946124E-16
4681.86  3.390114E-16
4682.93  3.390097E-16
4684.  3.198610E-16
4685.07  3.345888E-16
4686.14  2.703634E-16
4687.21  2.925622E-16
4688.28  2.996458E-16
4689.35  3.053019E-16
4690.42  3.083556E-16
4691.49  3.032368E-16
4692.56  2.997481E-16
4693.63  3.051615E-16
4694.7  2.797917E-16
4695.77  2.764378E-16
4696.84  2.849438E-16
4697.91  2.973710E-16
4698.98  3.011603E-16
4700.05  2.941592E-16
4701.12  3.163731E-16
4702.19  3.100096E-16
4703.26  2.905960E-16
4704.33  2.971806E-16
4705.4  3.067081E-16
4706.47  2.831679E-16
4707.54  3.093662E-16
4708.61  3.103765E-16
4709.68  3.098826E-16
4710.75  3.094054E-16
4711.82  2.986302E-16
4712.89  3.138122E-16
4713.96  3.181883E-16
4715.03  3.039566E-16
4716.1  3.008910E-16
4717.17  3.036812E-16
4718.24  2.834805E-16
4719.31  2.931889E-16
4720.38  3.606790E-16
4721.45  3.671623E-16
4722.52  3.161511E-16
4723.59  3.251905E-16
4724.66  3.103765E-16
4725.73  3.279321E-16
4726.8  3.338923E-16
4727.87  3.199838E-16
4728.94  3.085266E-16
4730.01  3.218577E-16
4731.08  3.112654E-16
4732.15  3.156685E-16
4733.22  3.350252E-16
4734.29  3.138162E-16
4735.36  3.060725E-16
4736.43  3.010122E-16
4737.5  2.928286E-16
4738.57  2.842159E-16
4739.64  3.074737E-16
4740.71  3.092540E-16
4741.78  2.910662E-16
4742.85  3.163899E-16
4743.92  3.297455E-16
4744.99  3.093491E-16
4746.06  2.977104E-16
4747.13  2.994014E-16
4748.2  2.941635E-16
4749.27  2.861353E-16
4750.34  3.126358E-16
4751.41  3.227029E-16
4752.48  3.288766E-16
4753.55  3.277064E-16
4754.62  3.077819E-16
4755.69  3.019727E-16
4756.76  3.089412E-16
4757.83  2.903166E-16
4758.9  2.745640E-16
4759.97  3.017654E-16
4761.04  3.280690E-16
4762.11  3.478419E-16
4763.18  3.474898E-16
4764.25  3.022407E-16
4765.32  2.935962E-16
4766.39  2.986114E-16
4767.46  3.123899E-16
4768.53  3.022809E-16
4769.6  2.900007E-16
4770.67  2.889775E-16
4771.74  2.745371E-16
4772.81  2.720163E-16
4773.88  2.847635E-16
4774.95  3.025896E-16
4776.02  3.226329E-16
4777.09  3.169705E-16
4778.16  2.930456E-16
4779.23  2.814367E-16
4780.3  2.788057E-16
4781.37  2.898323E-16
4782.44  3.001863E-16
4783.51  2.814768E-16
4784.58  2.665458E-16
4785.65  3.039874E-16
4786.72  3.127445E-16
4787.79  2.943460E-16
4788.86  2.843873E-16
4789.93  3.097853E-16
4791.  2.738467E-16
4792.07  2.759517E-16
4793.14  2.954355E-16
4794.21  2.802356E-16
4795.28  2.731751E-16
4796.35  2.887818E-16
4797.42  2.897218E-16
4798.49  2.977247E-16
4799.56  3.061394E-16
4800.63  2.852365E-16
4801.7  2.771442E-16
4802.77  2.537751E-16
4803.84  2.537243E-16
4804.91  2.715198E-16
4805.98  2.853518E-16
4807.05  2.983771E-16
4808.12  2.914429E-16
4809.19  3.110817E-16
4810.26  2.937295E-16
4811.33  2.814145E-16
4812.4  2.766929E-16
4813.47  2.800866E-16
4814.54  2.615896E-16
4815.61  2.615841E-16
4816.68  2.604154E-16
4817.75  2.791769E-16
4818.82  2.586469E-16
4819.89  2.382388E-16
4820.96  2.412107E-16
4822.03  2.479808E-16
4823.1  2.699456E-16
4824.17  2.806591E-16
4825.24  2.724510E-16
4826.31  2.741527E-16
4827.38  2.627930E-16
4828.45  2.653744E-16
4829.52  2.309682E-16
4830.59  2.185898E-16
4831.66  2.313925E-16
4832.73  2.383894E-16
4833.8  2.392939E-16
4834.87  2.394315E-16
4835.94  2.371939E-16
4837.01  2.502523E-16
4838.08  2.728201E-16
4839.15  2.420516E-16
4840.22  2.013643E-16
4841.29  2.089570E-16
4842.36  2.249451E-16
4843.43  2.222659E-16
4844.5  2.435969E-16
4845.57  2.367325E-16
4846.64  2.257194E-16
4847.71  2.110383E-16
4848.78  1.971329E-16
4849.85  2.121530E-16
4850.92  2.077813E-16
4851.99  1.897731E-16
4853.06  1.787229E-16
4854.13  1.889181E-16
4855.2  1.803699E-16
4856.27  1.496606E-16
4857.34  1.579927E-16
4858.41  1.607496E-16
4859.48  1.705728E-16
4860.55  1.621113E-16
4861.62  1.819723E-16
4862.69  1.862223E-16
4863.76  1.848360E-16
4864.83  1.670997E-16
4865.9  1.711542E-16
4866.97  1.975307E-16
4868.04  1.972102E-16
4869.11  2.035503E-16
4870.18  2.292862E-16
4871.25  2.128122E-16
4872.32  2.092996E-16
4873.39  1.988783E-16
4874.46  1.924865E-16
4875.53  1.970629E-16
4876.6  1.880182E-16
4877.67  1.943506E-16
4878.74  2.257261E-16
4879.81  2.453154E-16
4880.88  2.394697E-16
4881.95  2.302385E-16
4883.02  2.199605E-16
4884.09  2.335897E-16
4885.16  2.454209E-16
4886.23  2.345315E-16
4887.3  2.470463E-16
4888.37  2.462400E-16
4889.44  2.298220E-16
4890.51  2.491840E-16
4891.58  2.477831E-16
4892.65  2.264398E-16
4893.72  2.405417E-16
4894.79  2.448743E-16
4895.86  2.315220E-16
4896.93  2.383247E-16
4898.  2.496851E-16
4899.07  2.375355E-16
4900.14  2.459056E-16
4901.21  2.575100E-16
4902.28  2.471445E-16
4903.35  2.592259E-16
4904.42  2.705664E-16
4905.49  2.872534E-16
4906.56  2.676436E-16
4907.63  2.338006E-16
4908.7  2.498238E-16
4909.77  2.657417E-16
4910.84  2.844922E-16
4911.91  2.604056E-16
4912.98  2.597945E-16
4914.05  2.780354E-16
4915.12  2.610719E-16
4916.19  2.373524E-16
4917.26  2.565890E-16
4918.33  2.566745E-16
4919.4  2.755643E-16
4920.47  2.850938E-16
4921.54  2.750535E-16
4922.61  2.600673E-16
4923.68  2.580425E-16
4924.75  2.883173E-16
4925.82  3.024831E-16
4926.89  2.551435E-16
4927.96  2.715152E-16
4929.03  2.878820E-16
4930.1  2.838543E-16
4931.17  2.913124E-16
4932.24  2.920636E-16
4933.31  2.407191E-16
4934.38  2.348323E-16
4935.45  2.595067E-16
4936.52  2.818992E-16
4937.59  2.634886E-16
4938.66  2.704069E-16
4939.73  2.762368E-16
4940.8  2.789025E-16
4941.87  2.521266E-16
4942.94  2.314323E-16
4944.01  2.461144E-16
4945.08  2.782313E-16
4946.15  2.757767E-16
4947.22  2.764280E-16
4948.29  2.727916E-16
4949.36  2.413600E-16
4950.43  2.328457E-16
4951.5  2.667388E-16
4952.57  2.811338E-16
4953.64  2.777048E-16
4954.71  2.720643E-16
4955.78  2.647914E-16
4956.85  2.593786E-16
4957.92  2.509133E-16
4958.99  2.394492E-16
4960.06  2.378508E-16
4961.13  2.451567E-16
4962.2  2.579454E-16
4963.27  2.525533E-16
4964.34  2.549513E-16
4965.41  2.504414E-16
4966.48  2.411471E-16
4967.55  2.526516E-16
4968.62  2.691947E-16
4969.69  2.908974E-16
4970.76  2.664462E-16
4971.83  2.385730E-16
4972.9  2.431124E-16
4973.97  2.648167E-16
4975.04  2.635183E-16
4976.11  2.661436E-16
4977.18  2.559239E-16
4978.25  2.539208E-16
4979.32  2.888661E-16
4980.39  2.764781E-16
4981.46  2.810824E-16
4982.53  2.467539E-16
4983.6  2.421636E-16
4984.67  2.494164E-16
4985.74  2.512647E-16
4986.81  2.610758E-16
4987.88  2.588429E-16
4988.95  2.648156E-16
4990.02  2.681573E-16
4991.09  2.846208E-16
4992.16  2.963716E-16
4993.23  2.730458E-16
4994.3  2.668346E-16
4995.37  2.498687E-16
4996.44  2.383248E-16
4997.51  2.404201E-16
4998.58  2.784367E-16
4999.65  2.721997E-16
5000.72  2.440095E-16
5001.79  2.434941E-16
5002.86  2.502193E-16
5003.93  2.208021E-16
5005.  2.519638E-16
5006.07  2.725989E-16
5007.14  2.723831E-16
5008.21  2.739957E-16
5009.28  2.736666E-16
5010.35  2.628359E-16
5011.42  2.539286E-16
5012.49  2.321293E-16
5013.56  2.383126E-16
5014.63  2.411928E-16
5015.7  2.462744E-16
5016.77  2.652375E-16
5017.84  2.670829E-16
5018.91  2.551977E-16
5019.98  2.592493E-16
5021.05  2.594524E-16
5022.12  2.599642E-16
5023.19  2.706978E-16
5024.26  2.469557E-16
5025.33  2.358976E-16
5026.4  2.558954E-16
5027.47  2.556354E-16
5028.54  2.633300E-16
5029.61  2.754095E-16
5030.68  2.523063E-16
5031.75  2.649502E-16
5032.82  2.827330E-16
5033.89  2.608988E-16
5034.96  2.599681E-16
5036.03  2.670739E-16
5037.1  2.577358E-16
5038.17  2.504270E-16
5039.24  2.630412E-16
5040.31  2.600521E-16
5041.38  2.505806E-16
5042.45  2.398193E-16
5043.52  2.378849E-16
5044.59  2.489920E-16
5045.66  2.484558E-16
5046.73  2.386761E-16
5047.8  2.337991E-16
5048.87  2.398917E-16
5049.94  2.412947E-16
5051.01  2.328036E-16
5052.08  2.375845E-16
5053.15  2.267231E-16
5054.22  2.322035E-16
5055.29  2.476868E-16
5056.36  2.290353E-16
5057.43  2.392815E-16
5058.5  2.582506E-16
5059.57  2.456937E-16
5060.64  2.433768E-16
5061.71  2.251032E-16
5062.78  2.279877E-16
5063.85  2.354194E-16
5064.92  2.572617E-16
5065.99  2.338399E-16
5067.06  2.478558E-16
5068.13  2.404645E-16
5069.2  2.339287E-16
5070.27  2.455942E-16
5071.34  2.371273E-16
5072.41  2.343226E-16
5073.48  2.308532E-16
5074.55  2.588134E-16
5075.62  2.794737E-16
5076.69  2.322816E-16
5077.76  2.334088E-16
5078.83  2.398243E-16
5079.9  2.302936E-16
5080.97  2.715070E-16
5082.04  2.654492E-16
5083.11  2.419944E-16
5084.18  2.719720E-16
5085.25  2.516730E-16
5086.32  2.385818E-16
5087.39  2.656489E-16
5088.46  2.740478E-16
5089.53  2.510542E-16
5090.6  2.137364E-16
5091.67  2.068906E-16
5092.74  2.206652E-16
5093.81  2.350576E-16
5094.88  2.510561E-16
5095.95  2.334158E-16
5097.02  2.182636E-16
5098.09  2.176602E-16
5099.16  2.454390E-16
5100.23  2.796722E-16
5101.3  2.723783E-16
5102.37  2.531775E-16
5103.44  2.408361E-16
5104.51  2.353446E-16
5105.58  2.277331E-16
5106.65  2.114140E-16
5107.72  1.929521E-16
5108.79  2.186814E-16
5109.86  2.527590E-16
5110.93  2.411088E-16
5112.  2.451854E-16
5113.07  2.387491E-16
5114.14  2.303848E-16
5115.21  2.377083E-16
5116.28  2.416645E-16
5117.35  2.468633E-16
5118.42  2.303114E-16
5119.49  2.193744E-16
5120.56  2.394713E-16
5121.63  2.235758E-16
5122.7  2.131012E-16
5123.77  2.253924E-16
5124.84  2.356804E-16
5125.91  2.026925E-16
5126.98  2.175006E-16
5128.05  2.450494E-16
5129.12  2.431226E-16
5130.19  2.362455E-16
5131.26  2.240990E-16
5132.33  2.246833E-16
5133.4  2.351664E-16
5134.47  2.242965E-16
5135.54  2.275938E-16
5136.61  2.388995E-16
5137.68  2.177279E-16
5138.75  2.441777E-16
5139.82  2.656357E-16
5140.89  2.706130E-16
5141.96  2.317739E-16
5143.03  2.263989E-16
5144.1  2.111541E-16
5145.17  2.231654E-16
5146.24  2.549908E-16
5147.31  2.479160E-16
5148.38  2.417812E-16
5149.45  2.519966E-16
5150.52  2.372822E-16
5151.59  2.362088E-16
5152.66  2.561632E-16
5153.73  2.390127E-16
5154.8  2.484965E-16
5155.87  2.672110E-16
5156.94  2.338867E-16
5158.01  2.242425E-16
5159.08  2.420812E-16
5160.15  2.328925E-16
5161.22  2.304309E-16
5162.29  2.179702E-16
5163.36  2.275452E-16
5164.43  2.354351E-16
5165.5  2.313155E-16
5166.57  2.238360E-16
5167.64  2.296039E-16
5168.71  2.413772E-16
5169.78  2.394565E-16
5170.85  2.187801E-16
5171.92  2.133845E-16
5172.99  2.277794E-16
5174.06  2.436567E-16
5175.13  2.349733E-16
5176.2  2.319849E-16
5177.27  2.358746E-16
5178.34  2.289544E-16
5179.41  2.243936E-16
5180.48  2.149847E-16
5181.55  2.161760E-16
5182.62  2.103957E-16
5183.69  2.202284E-16
5184.76  2.489669E-16
5185.83  2.491353E-16
5186.9  2.568766E-16
5187.97  2.616535E-16
5189.04  2.451904E-16
5190.11  2.190314E-16
5191.18  1.904578E-16
5192.25  1.852529E-16
5193.32  2.335150E-16
5194.39  2.757703E-16
5195.46  2.283899E-16
5196.53  2.086512E-16
5197.6  2.310654E-16
5198.67  2.365375E-16
5199.74  2.237367E-16
5200.81  2.361478E-16
5201.88  2.500722E-16
5202.95  2.397313E-16
5204.02  2.252235E-16
5205.09  2.476683E-16
5206.16  2.468649E-16
5207.23  2.296543E-16
5208.3  2.240651E-16
5209.37  2.212641E-16
5210.44  2.271118E-16
5211.51  2.447645E-16
5212.58  2.393801E-16
5213.65  2.265634E-16
5214.72  2.205320E-16
5215.79  2.390310E-16
5216.86  2.419372E-16
5217.93  2.307944E-16
5219.  2.315752E-16
5220.07  2.469192E-16
5221.14  2.501649E-16
5222.21  2.132350E-16
5223.28  1.873289E-16
5224.35  1.932990E-16
5225.42  2.040277E-16
5226.49  2.333251E-16
5227.56  2.049471E-16
5228.63  1.776821E-16
5229.7  2.113319E-16
5230.77  1.977936E-16
5231.84  2.261433E-16
5232.91  2.333846E-16
5233.98  2.079832E-16
5235.05  2.123192E-16
5236.12  2.350140E-16
5237.19  2.329664E-16
5238.26  2.122103E-16
5239.33  2.059936E-16
5240.4  2.191833E-16
5241.47  2.154758E-16
5242.54  2.050843E-16
5243.61  1.933437E-16
5244.68  2.254020E-16
5245.75  2.553055E-16
5246.82  2.415691E-16
5247.89  2.367216E-16
5248.96  2.400040E-16
5250.03  2.219449E-16
5251.1  2.093766E-16
5252.17  1.977893E-16
5253.24  2.205448E-16
5254.31  2.375555E-16
5255.38  2.283259E-16
5256.45  2.321233E-16
5257.52  2.284681E-16
5258.59  2.034836E-16
5259.66  1.813097E-16
5260.73  1.720292E-16
5261.8  1.981243E-16
5262.87  2.345937E-16
5263.94  2.210786E-16
5265.01  2.292523E-16
5266.08  2.704932E-16
5267.15  2.620243E-16
5268.22  2.343972E-16
5269.29  2.172377E-16
5270.36  2.148284E-16
5271.43  2.079912E-16
5272.5  1.888034E-16
5273.57  2.170485E-16
5274.64  2.491326E-16
5275.71  2.304779E-16
5276.78  2.121516E-16
5277.85  2.210244E-16
5278.92  2.283535E-16
5279.99  2.088310E-16
5281.06  2.093358E-16
5282.13  2.359456E-16
5283.2  2.195225E-16
5284.27  1.828878E-16
5285.34  1.794394E-16
5286.41  2.020208E-16
5287.48  2.205015E-16
5288.55  2.117985E-16
5289.62  1.938897E-16
5290.69  2.018715E-16
5291.76  2.294805E-16
5292.83  2.417708E-16
5293.9  2.504659E-16
5294.97  2.415679E-16
5296.04  2.123758E-16
5297.11  1.952017E-16
5298.18  2.173622E-16
5299.25  2.281742E-16
5300.32  2.397699E-16
5301.39  2.525343E-16
5302.46  2.471252E-16
5303.53  2.201611E-16
5304.6  2.213229E-16
5305.67  2.273725E-16
5306.74  1.788909E-16
5307.81  1.944604E-16
5308.88  2.074003E-16
5309.95  2.159693E-16
5311.02  2.231746E-16
5312.09  2.263813E-16
5313.16  2.041158E-16
5314.23  2.096892E-16
5315.3  2.205776E-16
5316.37  2.094016E-16
5317.44  2.019865E-16
5318.51  2.052514E-16
5319.58  2.263465E-16
5320.65  2.146813E-16
5321.72  2.178182E-16
5322.79  2.122073E-16
5323.86  2.064208E-16
5324.93  2.088952E-16
5326.  2.116954E-16
5327.07  2.025473E-16
5328.14  2.027745E-16
5329.21  2.188529E-16
5330.28  2.046534E-16
5331.35  2.060812E-16
5332.42  2.089423E-16
5333.49  2.281230E-16
5334.56  2.006536E-16
5335.63  2.010399E-16
5336.7  2.090993E-16
5337.77  2.021928E-16
5338.84  2.027861E-16
5339.91  2.271931E-16
5340.98  2.089360E-16
5342.05  1.994226E-16
5343.12  2.328318E-16
5344.19  2.391529E-16
5345.26  2.302503E-16
5346.33  2.281385E-16
5347.4  2.370722E-16
5348.47  2.035896E-16
5349.54  1.730612E-16
5350.61  1.668937E-16
5351.68  1.992327E-16
5352.75  1.982988E-16
5353.82  2.213553E-16
5354.89  2.313787E-16
5355.96  2.193802E-16
5357.03  2.368140E-16
5358.1  2.179744E-16
5359.17  2.059437E-16
5360.24  2.349512E-16
5361.31  2.312754E-16
5362.38  2.139931E-16
5363.45  2.096210E-16
5364.52  1.993359E-16
5365.59  2.209699E-16
5366.66  2.300272E-16
5367.73  2.463306E-16
5368.8  2.346716E-16
5369.87  2.280359E-16
5370.94  2.310383E-16
5372.01  1.730515E-16
5373.08  1.539261E-16
5374.15  2.015823E-16
5375.22  2.496151E-16
5376.29  2.500912E-16
5377.36  2.310116E-16
5378.43  2.511877E-16
5379.5  2.386645E-16
5380.57  1.960194E-16
5381.64  1.911813E-16
5382.71  1.855145E-16
5383.78  2.099228E-16
5384.85  2.504649E-16
5385.92  2.394731E-16
5386.99  2.298067E-16
5388.06  2.356884E-16
5389.13  2.344467E-16
5390.2  2.405538E-16
5391.27  2.476822E-16
5392.34  2.693552E-16
5393.41  2.843363E-16
5394.48  2.443302E-16
5395.55  2.091332E-16
5396.62  2.029492E-16
5397.69  2.181768E-16
5398.76  2.218627E-16
5399.83  2.325127E-16
5400.9  2.229174E-16
5401.97  2.006162E-16
5403.04  1.836549E-16
5404.11  1.688198E-16
5405.18  1.825683E-16
5406.25  2.081109E-16
5407.32  2.222340E-16
5408.39  2.118438E-16
5409.46  1.924977E-16
5410.53  1.833329E-16
5411.6  1.829474E-16
5412.67  1.804499E-16
5413.74  1.879067E-16
5414.81  1.847291E-16
5415.88  1.821080E-16
5416.95  1.892318E-16
5418.02  1.934931E-16
5419.09  2.357416E-16
5420.16  2.372565E-16
5421.23  1.990683E-16
5422.3  1.856444E-16
5423.37  2.257127E-16
5424.44  2.427842E-16
5425.51  2.251942E-16
5426.58  2.220983E-16
5427.65  2.048787E-16
5428.72  1.689339E-16
5429.79  2.059237E-16
5430.86  1.700748E-16
5431.93  2.064229E-16
5433.  2.547687E-16
5434.07  2.157781E-16
5435.14  2.064469E-16
5436.21  2.175158E-16
5437.28  1.837948E-16
5438.35  1.827820E-16
5439.42  1.885744E-16
5440.49  1.703274E-16
5441.56  1.523153E-16
5442.63  1.766106E-16
5443.7  1.772540E-16
5444.77  1.625835E-16
5445.84  1.724609E-16
5446.91  1.756903E-16
5447.98  2.104469E-16
5449.05  2.298806E-16
5450.12  2.111343E-16
5451.19  1.642279E-16
5452.26  1.945453E-16
5453.33  2.094835E-16
5454.4  2.295263E-16
5455.47  1.883635E-16
5456.54  1.896356E-16
5457.61  1.745381E-16
5458.68  2.396433E-16
5459.75  3.164118E-16
5460.82  2.980222E-16
5461.89  2.155986E-16
5462.96  1.807605E-16
5464.03  2.049937E-16
5465.1  1.803121E-16
5466.17  1.714209E-16
5467.24  2.112475E-16
5468.31  1.689522E-16
5469.38  1.663060E-16
5470.45  1.919649E-16
5471.52  1.917155E-16
5472.59  2.285105E-16
5473.66  2.395186E-16
5474.73  1.883861E-16
5475.8  1.721502E-16
5476.87  1.632395E-16
5477.94  1.805590E-16
5479.01  1.778394E-16
5480.08  1.793185E-16
5481.15  2.295253E-16
5482.22  2.289989E-16
5483.29  1.769657E-16
5484.36  1.560098E-16
5485.43  1.843059E-16
5486.5  2.056509E-16
5487.57  2.402596E-16
5488.64  2.225059E-16
5489.71  2.014963E-16
5490.78  1.719336E-16
5491.85  2.052259E-16
5492.92  2.286374E-16
5493.99  2.274402E-16
5495.06  2.026761E-16
5496.13  1.743879E-16
5497.2  2.026798E-16
5498.27  2.540802E-16
5499.34  2.459876E-16
5500.41  2.565323E-16
5501.48  2.401881E-16
5502.55  2.338387E-16
5503.62  2.337485E-16
5504.69  2.024481E-16
5505.76  1.970926E-16
5506.83  2.166148E-16
5507.9  2.319401E-16
5508.97  1.881832E-16
5510.04  1.696860E-16
5511.11  2.024781E-16
5512.18  2.529919E-16
5513.25  3.017576E-16
5514.32  2.743155E-16
5515.39  1.965974E-16
5516.46  1.647343E-16
5517.53  2.122629E-16
5518.6  2.182990E-16
5519.67  2.563011E-16
5520.74  1.690545E-16
5521.81  1.611074E-16
5522.88  2.307579E-16
5523.95  2.290401E-16
5525.02  2.331998E-16
5526.09  2.786584E-16
5527.16  2.552024E-16
5528.23  2.636507E-16
5529.3  2.581500E-16
5530.37  1.798203E-16
5531.44  1.193882E-16
5532.51  1.471169E-16
5533.58  1.846014E-16
5534.65  1.846430E-16
5535.72  1.891897E-16
5536.79  1.871042E-16
5537.86  1.913908E-16
5538.93  2.155602E-16
5540.  2.523142E-16
5541.07  2.589085E-16
5542.14  2.555696E-16
5543.21  2.752000E-16
5544.28  2.333752E-16
5545.35  1.767571E-16
5546.42  1.863259E-16
5547.49  2.327444E-16
5548.56  2.215469E-16
5549.63  2.217412E-16
5550.7  2.224586E-16
5551.77  2.388711E-16
5552.84  2.470154E-16
5553.91  2.493913E-16
5554.98  2.435814E-16
5556.05  2.506809E-16
5557.12  2.986476E-16
5558.19  2.735183E-16
5559.26  2.752383E-16
5560.33  2.528463E-16
5561.4  1.773643E-16
5562.47  1.617581E-16
5563.54  2.391747E-16
5564.61  2.460687E-16
5565.68  1.571391E-16
5566.75  2.136537E-16
5567.82  2.745414E-16
5568.89  2.038240E-16
5569.96  1.497849E-16
5571.03  1.393853E-16
5572.1  1.787422E-16
5573.17  2.323862E-16
5574.24  2.094666E-16
5575.31  2.099098E-16
5576.38  4.508208E-16
5577.45  5.630551E-16
5578.52  2.945005E-16
5579.59  9.307132E-17
5580.66  2.061095E-16
5581.73  2.391338E-16
5582.8  7.264308E-17
5583.87  1.080594E-16
5584.94  2.267437E-16
5586.01  2.925931E-16
5587.08  2.137678E-16
5588.15  1.823648E-16
5589.22  2.518200E-16
5590.29  2.248219E-16
5591.36  1.952040E-16
5592.43  1.383595E-16
5593.5  9.384195E-17
5594.57  2.061500E-16
5595.64  2.413097E-16
5596.71  2.031550E-16
5597.78  1.574740E-16
5598.85  2.232356E-16
5599.92  2.322430E-16
5600.99  1.661057E-16
5602.06  1.886622E-16
5603.13  2.921988E-16
5604.2  2.391836E-16
5605.27  2.101275E-16
5606.34  1.884915E-16
5607.41  1.846529E-16
5608.48  1.194877E-16
5609.55  1.027187E-16
5610.62  2.265695E-16
5611.69  2.057026E-16
5612.76  1.704949E-16
5613.83  1.567305E-16
5614.9  1.476412E-16
5615.97  7.983680E-17
5617.04  2.604642E-16
5618.11  3.185085E-16
5619.18  2.870869E-16
5620.25  1.780842E-16
5621.32  1.154128E-16
5622.39  2.196321E-16
5623.46  2.482543E-16
5624.53  1.579666E-16
5625.6  1.421713E-16
5626.67  1.964615E-16
5627.74  2.101277E-16
5628.81  2.328218E-16
5629.88  2.277813E-16
5630.95  2.327908E-16
5632.02  2.230138E-16
5633.09  3.087300E-16
5634.16  2.789696E-16
5635.23  1.279865E-16
5636.3  2.112578E-16
5637.37  1.610231E-16
5638.44  2.420606E-16
5639.51  3.582232E-16
5640.58  1.648253E-16
5641.65  6.667591E-17
5642.72  7.989239E-17
5643.79  1.900704E-16
5644.86  2.636655E-16
5645.93  1.680108E-16
5647.  2.018058E-16
5648.07  1.256128E-16
5649.14  2.016743E-16
5650.21  2.493826E-16
5651.28  6.312363E-17
5652.35  2.178054E-16
5653.42  2.612810E-16
5654.49  3.355181E-16
5655.56  2.242742E-16
5656.63  1.921576E-16
5657.7  2.602467E-16
5658.77  8.379829E-17
5659.84  2.158708E-16
5660.91  3.335924E-16
5661.98  2.974437E-16
5663.05  5.118795E-17
5664.12  1.933776E-16
5665.19  3.951602E-16
5666.26  5.354025E-16
5667.33  2.698204E-16
5668.4  5.547198E-16
5669.47  3.540367E-16
5670.54  5.824950E-16
5671.61  7.272864E-16
5672.68  3.518361E-16
5673.75  1.388674E-16
5674.82  2.447503E-16
5675.89  6.030290E-16
5676.96  4.011741E-16
5678.03  1.887354E-16
5679.1  4.813032E-16
5680.17  5.822098E-16
5681.24  3.931945E-16
5682.31  3.211359E-16
5683.38  4.314367E-17
5684.45  1.917034E-18
5685.52  1.043150E-16
5686.59  -9.295737E-17
5687.66  2.534495E-16
5688.73  6.979001E-16
5689.8  3.577497E-16
5690.87  5.724797E-16
5691.94  4.512336E-16
5693.01  3.983126E-16
5694.08  4.039640E-16
5695.15  2.436159E-17
5696.22  -1.615799E-16
5697.29  5.491257E-16
5698.36  1.212731E-15
5699.43  4.648773E-16
5700.5  6.082393E-18
