3400.  8.771310E-16
3401.07  8.901227E-16
3402.14  8.425065E-16
3403.21  7.254527E-16
3404.28  7.478099E-16
3405.35  7.592677E-16
3406.42  8.609098E-16
3407.49  7.970673E-16
3408.56  7.125064E-16
3409.63  9.054920E-16
3410.7  9.503753E-16
3411.77  8.019608E-16
3412.84  7.705422E-16
3413.91  8.179374E-16
3414.98  8.248997E-16
3416.05  8.922211E-16
3417.12  7.719689E-16
3418.19  7.537051E-16
3419.26  6.603737E-16
3420.33  6.778749E-16
3421.4  7.614315E-16
3422.47  7.250955E-16
3423.54  6.174218E-16
3424.61  5.909728E-16
3425.68  7.005351E-16
3426.75  6.542279E-16
3427.82  6.539939E-16
3428.89  6.370753E-16
3429.96  5.935464E-16
3431.03  5.646481E-16
3432.1  6.433530E-16
3433.17  6.884784E-16
3434.24  6.376571E-16
3435.31  5.896528E-16
3436.38  6.405176E-16
3437.45  5.363214E-16
3438.52  6.238969E-16
3439.59  6.850723E-16
3440.66  6.309477E-16
3441.73  7.697550E-16
3442.8  5.606203E-16
3443.87  6.003663E-16
3444.94  6.128975E-16
3446.01  4.676290E-16
3447.08  6.196608E-16
3448.15  6.175737E-16
3449.22  6.133713E-16
3450.29  5.394624E-16
3451.36  5.512517E-16
3452.43  6.939934E-16
3453.5  6.341386E-16
3454.57  7.436929E-16
3455.64  7.271521E-16
3456.71  6.955689E-16
3457.78  7.335547E-16
3458.85  7.568171E-16
3459.92  7.136741E-16
3460.99  6.746802E-16
3462.06  8.254526E-16
3463.13  8.416765E-16
3464.2  6.456457E-16
3465.27  6.062161E-16
3466.34  6.035652E-16
3467.41  7.441012E-16
3468.48  6.042789E-16
3469.55  4.975080E-16
3470.62  6.576146E-16
3471.69  7.232178E-16
3472.76  7.008909E-16
3473.83  6.115746E-16
3474.9  5.459412E-16
3475.97  5.870295E-16
3477.04  6.293378E-16
3478.11  6.862306E-16
3479.18  5.814504E-16
3480.25  6.010465E-16
3481.32  5.233076E-16
3482.39  5.766148E-16
3483.46  5.813288E-16
3484.53  5.857215E-16
3485.6  4.230354E-16
3486.67  4.761922E-16
3487.74  5.505397E-16
3488.81  5.775937E-16
3489.88  5.396596E-16
3490.95  5.774857E-16
3492.02  5.530615E-16
3493.09  5.473785E-16
3494.16  5.517096E-16
3495.23  5.881794E-16
3496.3  7.145689E-16
3497.37  6.874896E-16
3498.44  6.791487E-16
3499.51  5.871429E-16
3500.58  5.109445E-16
3501.65  4.865712E-16
3502.72  4.831017E-16
3503.79  5.209433E-16
3504.86  6.326184E-16
3505.93  5.356245E-16
3507.  6.016731E-16
3508.07  6.445966E-16
3509.14  5.780767E-16
3510.21  5.698259E-16
3511.28  6.988505E-16
3512.35  6.806577E-16
3513.42  5.107014E-16
3514.49  5.387179E-16
3515.56  5.837440E-16
3516.63  7.703125E-16
3517.7  5.624929E-16
3518.77  5.893614E-16
3519.84  8.412093E-16
3520.91  7.684320E-16
3521.98  6.392916E-16
3523.05  5.595599E-16
3524.12  7.100546E-16
3525.19  7.389818E-16
3526.26  7.533101E-16
3527.33  7.204015E-16
3528.4  7.358539E-16
3529.47  7.520372E-16
3530.54  6.519004E-16
3531.61  7.105067E-16
3532.68  8.385681E-16
3533.75  6.596827E-16
3534.82  6.580493E-16
3535.89  6.393016E-16
3536.96  7.636685E-16
3538.03  7.160046E-16
3539.1  6.992379E-16
3540.17  7.461510E-16
3541.24  7.080151E-16
3542.31  6.232204E-16
3543.38  6.241798E-16
3544.45  7.323466E-16
3545.52  6.896399E-16
3546.59  6.344049E-16
3547.66  6.544884E-16
3548.73  6.643697E-16
3549.8  5.953396E-16
3550.87  6.561265E-16
3551.94  6.362325E-16
3553.01  5.998427E-16
3554.08  6.133996E-16
3555.15  6.183030E-16
3556.22  6.012965E-16
3557.29  5.955555E-16
3558.36  5.853565E-16
3559.43  5.857593E-16
3560.5  5.277696E-16
3561.57  5.874473E-16
3562.64  5.714084E-16
3563.71  5.328660E-16
3564.78  5.822389E-16
3565.85  5.544965E-16
3566.92  5.167376E-16
3567.99  5.452986E-16
3569.06  5.337912E-16
3570.13  5.601319E-16
3571.2  5.751124E-16
3572.27  5.748316E-16
3573.34  6.158659E-16
3574.41  5.582163E-16
3575.48  5.283591E-16
3576.55  5.493472E-16
3577.62  5.476128E-16
3578.69  6.005509E-16
3579.76  6.091335E-16
3580.83  6.057610E-16
3581.9  5.932439E-16
3582.97  5.309733E-16
3584.04  4.983091E-16
3585.11  4.794125E-16
3586.18  5.346042E-16
3587.25  6.294978E-16
3588.32  5.267762E-16
3589.39  4.956965E-16
3590.46  5.368676E-16
3591.53  5.165045E-16
3592.6  5.883277E-16
3593.67  5.852380E-16
3594.74  4.964469E-16
3595.81  5.091510E-16
3596.88  5.810118E-16
3597.95  6.222742E-16
3599.02  5.728316E-16
3600.09  6.065361E-16
3601.16  5.942628E-16
3602.23  5.494790E-16
3603.3  5.271247E-16
3604.37  5.531649E-16
3605.44  6.572006E-16
3606.51  6.878990E-16
3607.58  6.144192E-16
3608.65  6.097154E-16
3609.72  5.978046E-16
3610.79  6.170996E-16
3611.86  6.713372E-16
3612.93  6.592329E-16
3614.  6.246583E-16
3615.07  6.056447E-16
3616.14  6.501384E-16
3617.21  5.851213E-16
3618.28  5.468912E-16
3619.35  5.914927E-16
3620.42  6.401862E-16
3621.49  6.133362E-16
3622.56  5.775280E-16
3623.63  5.427198E-16
3624.7  5.197163E-16
3625.77  5.751060E-16
3626.84  5.856881E-16
3627.91  5.206029E-16
3628.98  5.019421E-16
3630.05  5.371689E-16
3631.12  5.920458E-16
3632.19  5.759387E-16
3633.26  5.758862E-16
3634.33  5.846318E-16
3635.4  5.787940E-16
3636.47  5.796361E-16
3637.54  5.335521E-16
3638.61  5.471262E-16
3639.68  4.829173E-16
3640.75  5.070349E-16
3641.82  5.098545E-16
3642.89  5.130026E-16
3643.96  4.771473E-16
3645.03  4.788737E-16
3646.1  4.505894E-16
3647.17  4.227378E-16
3648.24  4.585924E-16
3649.31  4.730903E-16
3650.38  4.729824E-16
3651.45  4.187989E-16
3652.52  3.866582E-16
3653.59  4.748698E-16
3654.66  4.686173E-16
3655.73  4.281679E-16
3656.8  4.379159E-16
3657.87  4.217201E-16
3658.94  4.332620E-16
3660.01  4.467507E-16
3661.08  4.514497E-16
3662.15  4.394460E-16
3663.22  4.845472E-16
3664.29  4.866934E-16
3665.36  4.310608E-16
3666.43  3.959837E-16
3667.5  4.928475E-16
3668.57  4.607314E-16
3669.64  4.609871E-16
3670.71  5.182446E-16
3671.78  5.063436E-16
3672.85  4.562639E-16
3673.92  4.428840E-16
3674.99  4.353838E-16
3676.06  4.624684E-16
3677.13  4.256939E-16
3678.2  3.740519E-16
3679.27  4.497246E-16
3680.34  5.157017E-16
3681.41  4.311471E-16
3682.48  4.687440E-16
3683.55  4.755963E-16
3684.62  5.276124E-16
3685.69  5.110535E-16
3686.76  5.085335E-16
3687.83  5.170470E-16
3688.9  5.557781E-16
3689.97  5.328833E-16
3691.04  5.284181E-16
3692.11  4.935856E-16
3693.18  4.928545E-16
3694.25  5.471013E-16
3695.32  5.272884E-16
3696.39  5.299162E-16
3697.46  5.951089E-16
3698.53  6.161110E-16
3699.6  6.458089E-16
3700.67  5.755419E-16
3701.74  6.410083E-16
3702.81  6.508770E-16
3703.88  6.018851E-16
3704.95  5.479966E-16
3706.02  5.326448E-16
3707.09  5.184943E-16
3708.16  6.061289E-16
3709.23  6.162515E-16
3710.3  5.649440E-16
3711.37  5.879713E-16
3712.44  6.281394E-16
3713.51  6.314698E-16
3714.58  6.357058E-16
3715.65  5.426518E-16
3716.72  6.163690E-16
3717.79  5.869486E-16
3718.86  5.380303E-16
3719.93  5.381069E-16
3721.  5.597171E-16
3722.07  5.768465E-16
3723.14  4.985814E-16
3724.21  5.781788E-16
3725.28  6.309410E-16
3726.35  5.639909E-16
3727.42  5.172829E-16
3728.49  5.221847E-16
3729.56  5.331990E-16
3730.63  5.059950E-16
3731.7  4.304684E-16
3732.77  4.701130E-16
3733.84  5.059671E-16
3734.91  4.609178E-16
3735.98  4.113954E-16
3737.05  4.452368E-16
3738.12  5.163719E-16
3739.19  4.385602E-16
3740.26  3.917077E-16
3741.33  4.152062E-16
3742.4  4.043164E-16
3743.47  4.366284E-16
3744.54  5.003702E-16
3745.61  4.838238E-16
3746.68  4.352448E-16
3747.75  4.223122E-16
3748.82  4.522030E-16
3749.89  4.541538E-16
3750.96  3.998036E-16
3752.03  3.877344E-16
3753.1  4.233002E-16
3754.17  4.629951E-16
3755.24  4.121906E-16
3756.31  3.669001E-16
3757.38  4.073515E-16
3758.45  4.217449E-16
3759.52  4.000515E-16
3760.59  4.552465E-16
3761.66  4.339041E-16
3762.73  4.187756E-16
3763.8  4.235887E-16
3764.87  4.628599E-16
3765.94  4.374746E-16
3767.01  4.207942E-16
3768.08  4.624385E-16
3769.15  4.101674E-16
3770.22  4.056192E-16
3771.29  4.245752E-16
3772.36  4.196698E-16
3773.43  4.439053E-16
3774.5  4.297692E-16
3775.57  4.331967E-16
3776.64  4.691523E-16
3777.71  4.865363E-16
3778.78  4.445910E-16
3779.85  4.322496E-16
3780.92  4.371778E-16
3781.99  4.640033E-16
3783.06  4.669615E-16
3784.13  4.628563E-16
3785.2  4.444925E-16
3786.27  4.173657E-16
3787.34  4.177914E-16
3788.41  4.284964E-16
3789.48  4.457563E-16
3790.55  4.352079E-16
3791.62  4.459016E-16
3792.69  4.149171E-16
3793.76  4.299195E-16
3794.83  4.468315E-16
3795.9  4.264109E-16
3796.97  4.576121E-16
3798.04  4.782766E-16
3799.11  4.460764E-16
3800.18  4.780203E-16
3801.25  4.974289E-16
3802.32  4.455381E-16
3803.39  4.495328E-16
3804.46  4.668921E-16
3805.53  4.875869E-16
3806.6  5.155509E-16
3807.67  5.531732E-16
3808.74  5.647990E-16
3809.81  5.189716E-16
3810.88  4.771499E-16
3811.95  5.003130E-16
3813.02  4.939456E-16
3814.09  5.193866E-16
3815.16  5.181965E-16
3816.23  5.095762E-16
3817.3  5.076521E-16
3818.37  4.620771E-16
3819.44  4.456878E-16
3820.51  5.154547E-16
3821.58  5.353152E-16
3822.65  4.818997E-16
3823.72  4.856372E-16
3824.79  5.122504E-16
3825.86  4.857906E-16
3826.93  4.805114E-16
3828.  4.637143E-16
3829.07  4.761355E-16
3830.14  4.655710E-16
3831.21  4.272569E-16
3832.28  4.605461E-16
3833.35  4.814885E-16
3834.42  4.755625E-16
3835.49  4.576458E-16
3836.56  4.820540E-16
3837.63  4.655420E-16
3838.7  4.165199E-16
3839.77  4.404711E-16
3840.84  4.513130E-16
3841.91  4.752276E-16
3842.98  4.730910E-16
3844.05  4.530917E-16
3845.12  4.443106E-16
3846.19  4.777357E-16
3847.26  5.069380E-16
3848.33  4.736333E-16
3849.4  4.918395E-16
3850.47  4.914726E-16
3851.54  4.652024E-16
3852.61  4.380389E-16
3853.68  4.397145E-16
3854.75  5.175148E-16
3855.82  5.235279E-16
3856.89  4.626947E-16
3857.96  4.677824E-16
3859.03  4.714685E-16
3860.1  4.576979E-16
3861.17  4.354028E-16
3862.24  4.572529E-16
3863.31  4.785808E-16
3864.38  4.827271E-16
3865.45  4.756230E-16
3866.52  4.723803E-16
3867.59  4.616951E-16
3868.66  4.136230E-16
3869.73  4.663386E-16
3870.8  4.910539E-16
3871.87  4.366349E-16
3872.94  4.200473E-16
3874.01  3.862273E-16
3875.08  4.025374E-16
3876.15  4.054183E-16
3877.22  3.787048E-16
3878.29  3.928777E-16
3879.36  4.276854E-16
3880.43  3.847845E-16
3881.5  3.680259E-16
3882.57  3.810018E-16
3883.64  3.793885E-16
3884.71  3.235060E-16
3885.78  3.120928E-16
3886.85  3.220373E-16
3887.92  3.249808E-16
3888.99  3.206997E-16
3890.06  3.692767E-16
3891.13  3.674730E-16
3892.2  3.408641E-16
3893.27  4.039263E-16
3894.34  4.264890E-16
3895.41  4.324964E-16
3896.48  4.207230E-16
3897.55  3.988816E-16
3898.62  4.346132E-16
3899.69  4.128435E-16
3900.76  4.244896E-16
3901.83  4.678563E-16
3902.9  4.656093E-16
3903.97  4.630293E-16
3905.04  4.906004E-16
3906.11  4.571968E-16
3907.18  4.232675E-16
3908.25  4.363753E-16
3909.32  4.677832E-16
3910.39  4.476812E-16
3911.46  4.691177E-16
3912.53  4.826562E-16
3913.6  4.719028E-16
3914.67  4.307163E-16
3915.74  4.650512E-16
3916.81  5.072354E-16
3917.88  5.327550E-16
3918.95  5.152546E-16
3920.02  5.084569E-16
3921.09  5.230851E-16
3922.16  5.199016E-16
3923.23  5.192856E-16
3924.3  5.194217E-16
3925.37  4.981584E-16
3926.44  4.804597E-16
3927.51  4.946695E-16
3928.58  5.184800E-16
3929.65  5.356690E-16
3930.72  5.137603E-16
3931.79  4.969089E-16
3932.86  4.987426E-16
3933.93  4.929345E-16
3935.  4.906157E-16
3936.07  5.133314E-16
3937.14  5.194075E-16
3938.21  5.161647E-16
3939.28  5.019190E-16
3940.35  4.825798E-16
3941.42  4.948919E-16
3942.49  5.149790E-16
3943.56  4.664754E-16
3944.63  4.472926E-16
3945.7  4.705740E-16
3946.77  4.597180E-16
3947.84  4.654241E-16
3948.91  4.571878E-16
3949.98  4.531170E-16
3951.05  4.157873E-16
3952.12  4.081508E-16
3953.19  4.361206E-16
3954.26  4.443422E-16
3955.33  4.146272E-16
3956.4  3.819508E-16
3957.47  3.999121E-16
3958.54  3.928393E-16
3959.61  3.697477E-16
3960.68  3.979541E-16
3961.75  3.716788E-16
3962.82  3.352687E-16
3963.89  3.396189E-16
3964.96  3.397185E-16
3966.03  3.249519E-16
3967.1  3.183294E-16
3968.17  3.394961E-16
3969.24  3.278708E-16
3970.31  3.143905E-16
3971.38  3.223907E-16
3972.45  3.284903E-16
3973.52  3.341863E-16
3974.59  3.801738E-16
3975.66  4.171855E-16
3976.73  4.020926E-16
3977.8  4.078118E-16
3978.87  4.307188E-16
3979.94  4.128841E-16
3981.01  4.024652E-16
3982.08  4.468038E-16
3983.15  4.347944E-16
3984.22  4.130197E-16
3985.29  3.979832E-16
3986.36  4.533416E-16
3987.43  4.724166E-16
3988.5  4.449008E-16
3989.57  4.948020E-16
3990.64  4.649501E-16
3991.71  4.462624E-16
3992.78  4.734622E-16
3993.85  5.036425E-16
3994.92  4.952192E-16
3995.99  4.962037E-16
3997.06  4.741769E-16
3998.13  5.107972E-16
3999.2  5.228656E-16
4000.27  5.206650E-16
4001.34  4.668618E-16
4002.41  4.816432E-16
4003.48  5.006244E-16
4004.55  4.673655E-16
4005.62  4.814419E-16
4006.69  5.240813E-16
4007.76  5.363349E-16
4008.83  5.090507E-16
4009.9  5.092708E-16
4010.97  5.404628E-16
4012.04  5.967010E-16
4013.11  5.521246E-16
4014.18  5.088259E-16
4015.25  5.159714E-16
4016.32  5.262863E-16
4017.39  5.780151E-16
4018.46  5.328219E-16
4019.53  5.370220E-16
4020.6  5.091194E-16
4021.67  5.052313E-16
4022.74  5.277589E-16
4023.81  5.645962E-16
4024.88  5.609213E-16
4025.95  5.669373E-16
4027.02  5.560238E-16
4028.09  5.354426E-16
4029.16  5.298594E-16
4030.23  5.514979E-16
4031.3  5.234960E-16
4032.37  5.198425E-16
4033.44  5.604048E-16
4034.51  5.290695E-16
4035.58  5.185728E-16
4036.65  5.239300E-16
4037.72  5.509227E-16
4038.79  5.579432E-16
4039.86  5.467779E-16
4040.93  5.168576E-16
4042.  4.698910E-16
4043.07  4.775451E-16
4044.14  5.267657E-16
4045.21  5.802666E-16
4046.28  5.400849E-16
4047.35  5.081065E-16
4048.42  5.045758E-16
4049.49  5.107221E-16
4050.56  4.742498E-16
4051.63  4.858379E-16
4052.7  5.012064E-16
4053.77  4.730067E-16
4054.84  4.851551E-16
4055.91  5.145837E-16
4056.98  4.941420E-16
4058.05  4.733176E-16
4059.12  5.047894E-16
4060.19  5.092309E-16
4061.26  4.756474E-16
4062.33  4.893111E-16
4063.4  5.200105E-16
4064.47  4.828821E-16
4065.54  4.549485E-16
4066.61  4.635775E-16
4067.68  4.714560E-16
4068.75  4.642729E-16
4069.82  4.701701E-16
4070.89  4.656990E-16
4071.96  4.242741E-16
4073.03  4.487676E-16
4074.1  4.665610E-16
4075.17  4.533695E-16
4076.24  4.402335E-16
4077.31  4.282878E-16
4078.38  4.523635E-16
4079.45  4.522607E-16
4080.52  4.217216E-16
4081.59  3.941498E-16
4082.66  3.715299E-16
4083.73  3.784490E-16
4084.8  4.203803E-16
4085.87  4.409586E-16
4086.94  4.046395E-16
4088.01  4.072535E-16
4089.08  3.725938E-16
4090.15  3.214908E-16
4091.22  3.384101E-16
4092.29  3.477268E-16
4093.36  3.175182E-16
4094.43  3.231685E-16
4095.5  3.158967E-16
4096.57  3.038169E-16
4097.64  2.780738E-16
4098.71  2.575346E-16
4099.78  2.524268E-16
4100.85  3.153484E-16
4101.92  3.207079E-16
4102.99  3.066002E-16
4104.06  3.103289E-16
4105.13  3.402613E-16
4106.2  3.315472E-16
4107.27  3.261804E-16
4108.34  3.182226E-16
4109.41  3.444594E-16
4110.48  3.420239E-16
4111.55  3.600090E-16
4112.62  3.800965E-16
4113.69  3.690159E-16
4114.76  3.702703E-16
4115.83  3.621009E-16
4116.9  3.612626E-16
4117.97  4.009908E-16
4119.04  4.060322E-16
4120.11  3.974215E-16
4121.18  4.073930E-16
4122.25  3.851495E-16
4123.32  4.135625E-16
4124.39  4.068924E-16
4125.46  4.445967E-16
4126.53  4.761774E-16
4127.6  4.270777E-16
4128.67  4.514006E-16
4129.74  4.906910E-16
4130.81  4.429613E-16
4131.88  4.195035E-16
4132.95  4.185793E-16
4134.02  4.325744E-16
4135.09  4.257572E-16
4136.16  4.429911E-16
4137.23  4.746117E-16
4138.3  4.621792E-16
4139.37  4.658184E-16
4140.44  4.542781E-16
4141.51  4.356613E-16
4142.58  4.255709E-16
4143.65  4.282275E-16
4144.72  4.686560E-16
4145.79  4.867542E-16
4146.86  4.585654E-16
4147.93  4.534436E-16
4149.  4.516698E-16
4150.07  4.420279E-16
4151.14  4.856792E-16
4152.21  4.695973E-16
4153.28  4.907398E-16
4154.35  5.230964E-16
4155.42  4.982884E-16
4156.49  4.924050E-16
4157.56  4.752980E-16
4158.63  5.007519E-16
4159.7  5.217990E-16
4160.77  5.047794E-16
4161.84  5.027589E-16
4162.91  4.906341E-16
4163.98  5.216452E-16
4165.05  5.276014E-16
4166.12  4.908407E-16
4167.19  4.479890E-16
4168.26  4.772797E-16
4169.33  5.223046E-16
4170.4  4.662548E-16
4171.47  4.529955E-16
4172.54  5.257824E-16
4173.61  4.941459E-16
4174.68  5.279497E-16
4175.75  5.575171E-16
4176.82  5.018631E-16
4177.89  4.957319E-16
4178.96  5.046020E-16
4180.03  5.034612E-16
4181.1  5.090705E-16
4182.17  5.394414E-16
4183.24  5.092602E-16
4184.31  4.926964E-16
4185.38  4.996815E-16
4186.45  5.187926E-16
4187.52  5.302941E-16
4188.59  5.099723E-16
4189.66  5.077594E-16
4190.73  5.352010E-16
4191.8  5.020838E-16
4192.87  5.134677E-16
4193.94  5.295376E-16
4195.01  5.209126E-16
4196.08  5.146711E-16
4197.15  4.887572E-16
4198.22  5.090266E-16
4199.29  5.022519E-16
4200.36  5.338557E-16
4201.43  5.109935E-16
4202.5  4.713079E-16
4203.57  5.020536E-16
4204.64  5.088104E-16
4205.71  4.909772E-16
4206.78  4.948432E-16
4207.85  4.845588E-16
4208.92  5.017257E-16
4209.99  5.132415E-16
4211.06  5.285260E-16
4212.13  5.297491E-16
4213.2  4.914072E-16
4214.27  4.587221E-16
4215.34  4.973216E-16
4216.41  5.776571E-16
4217.48  5.507799E-16
4218.55  4.972687E-16
4219.62  5.120651E-16
4220.69  5.020322E-16
4221.76  4.638384E-16
4222.83  4.673896E-16
4223.9  5.032942E-16
4224.97  5.123321E-16
4226.04  4.898473E-16
4227.11  5.088005E-16
4228.18  5.026485E-16
4229.25  4.994623E-16
4230.32  5.083199E-16
4231.39  4.837440E-16
4232.46  4.796153E-16
4233.53  4.782521E-16
4234.6  5.095687E-16
4235.67  4.985033E-16
4236.74  4.362712E-16
4237.81  4.420349E-16
4238.88  4.773950E-16
4239.95  4.851204E-16
4241.02  4.791803E-16
4242.09  4.723137E-16
4243.16  4.863054E-16
4244.23  4.963386E-16
4245.3  4.631648E-16
4246.37  4.484908E-16
4247.44  4.646506E-16
4248.51  4.876419E-16
4249.58  4.480762E-16
4250.65  4.568933E-16
4251.72  4.979372E-16
4252.79  4.737548E-16
4253.86  4.561981E-16
4254.93  4.671576E-16
4256.  4.543699E-16
4257.07  4.285008E-16
4258.14  4.458651E-16
4259.21  4.563005E-16
4260.28  4.465294E-16
4261.35  4.375801E-16
4262.42  4.319193E-16
4263.49  4.293437E-16
4264.56  4.446027E-16
4265.63  4.447990E-16
4266.7  4.294987E-16
4267.77  4.332771E-16
4268.84  4.480371E-16
4269.91  4.359253E-16
4270.98  4.004719E-16
4272.05  4.204845E-16
4273.12  4.378363E-16
4274.19  4.547483E-16
4275.26  4.701334E-16
4276.33  4.797237E-16
4277.4  4.445581E-16
4278.47  4.083982E-16
4279.54  4.247161E-16
4280.61  4.529810E-16
4281.68  4.565868E-16
4282.75  4.298994E-16
4283.82  4.382993E-16
4284.89  4.438003E-16
4285.96  4.107507E-16
4287.03  4.296483E-16
4288.1  4.373806E-16
4289.17  4.198830E-16
4290.24  4.332288E-16
4291.31  4.318400E-16
4292.38  4.343284E-16
4293.45  4.318450E-16
4294.52  4.257323E-16
4295.59  4.184940E-16
4296.66  4.150885E-16
4297.73  3.942455E-16
4298.8  3.996037E-16
4299.87  3.961710E-16
4300.94  3.959208E-16
4302.01  4.312553E-16
4303.08  4.318194E-16
4304.15  3.954042E-16
4305.22  3.801397E-16
4306.29  3.947920E-16
4307.36  3.999952E-16
4308.43  4.082008E-16
4309.5  3.739095E-16
4310.57  3.635611E-16
4311.64  3.484990E-16
4312.71  3.661364E-16
4313.78  3.671154E-16
4314.85  3.440211E-16
4315.92  3.757933E-16
4316.99  3.641656E-16
4318.06  3.341773E-16
4319.13  3.212349E-16
4320.2  3.340762E-16
4321.27  3.593288E-16
4322.34  3.407051E-16
4323.41  3.436485E-16
4324.48  3.194717E-16
4325.55  3.044293E-16
4326.62  2.998363E-16
4327.69  3.009825E-16
4328.76  3.153646E-16
4329.83  3.105440E-16
4330.9  2.593504E-16
4331.97  2.657575E-16
4333.04  2.890102E-16
4334.11  2.764642E-16
4335.18  2.352875E-16
4336.25  2.356169E-16
4337.32  2.300322E-16
4338.39  2.284388E-16
4339.46  2.426987E-16
4340.53  2.613739E-16
4341.6  2.715509E-16
4342.67  2.826708E-16
4343.74  2.855859E-16
4344.81  2.751828E-16
4345.88  2.876498E-16
4346.95  3.006092E-16
4348.02  2.935598E-16
4349.09  3.110470E-16
4350.16  3.049116E-16
4351.23  2.751588E-16
4352.3  3.075748E-16
4353.37  3.421829E-16
4354.44  3.115850E-16
4355.51  2.986006E-16
4356.58  3.427147E-16
4357.65  3.673650E-16
4358.72  3.730717E-16
4359.79  3.664172E-16
4360.86  3.582103E-16
4361.93  3.506913E-16
4363.  3.274759E-16
4364.07  3.414023E-16
4365.14  3.563513E-16
4366.21  3.472818E-16
4367.28  3.578583E-16
4368.35  3.721244E-16
4369.42  3.621355E-16
4370.49  3.607121E-16
4371.56  3.995792E-16
4372.63  4.039407E-16
4373.7  4.073570E-16
4374.77  4.121024E-16
4375.84  3.896794E-16
4376.91  3.961357E-16
4377.98  4.002475E-16
4379.05  4.117649E-16
4380.12  4.084912E-16
4381.19  4.287554E-16
4382.26  4.103117E-16
4383.33  4.136538E-16
4384.4  4.169620E-16
4385.47  4.230070E-16
4386.54  4.048072E-16
4387.61  4.039875E-16
4388.68  4.363570E-16
4389.75  4.048607E-16
4390.82  3.837158E-16
4391.89  4.347666E-16
4392.96  4.572379E-16
4394.03  4.400502E-16
4395.1  4.283380E-16
4396.17  4.528663E-16
4397.24  4.110161E-16
4398.31  4.018841E-16
4399.38  4.262612E-16
4400.45  4.382197E-16
4401.52  4.189234E-16
4402.59  4.294517E-16
4403.66  4.296285E-16
4404.73  4.011545E-16
4405.8  3.883543E-16
4406.87  3.805805E-16
4407.94  3.955618E-16
4409.01  4.350632E-16
4410.08  4.257908E-16
4411.15  4.107300E-16
4412.22  4.376170E-16
4413.29  4.384504E-16
4414.36  4.399391E-16
4415.43  4.345104E-16
4416.5  4.131406E-16
4417.57  3.981220E-16
4418.64  3.814877E-16
4419.71  3.956561E-16
4420.78  4.088405E-16
4421.85  4.318987E-16
4422.92  4.106503E-16
4423.99  3.816711E-16
4425.06  4.120532E-16
4426.13  4.119710E-16
4427.2  4.105560E-16
4428.27  4.200616E-16
4429.34  4.186400E-16
4430.41  4.409902E-16
4431.48  4.316106E-16
4432.55  4.158789E-16
4433.62  4.299432E-16
4434.69  3.908833E-16
4435.76  3.813578E-16
4436.83  4.227099E-16
4437.9  4.309663E-16
4438.97  3.981204E-16
4440.04  3.757855E-16
4441.11  3.999442E-16
4442.18  4.255815E-16
4443.25  3.953703E-16
4444.32  4.077312E-16
4445.39  4.456104E-16
4446.46  4.410420E-16
4447.53  4.028696E-16
4448.6  3.987681E-16
4449.67  4.207895E-16
4450.74  4.003836E-16
4451.81  4.119380E-16
4452.88  4.105464E-16
4453.95  3.973028E-16
4455.02  4.255099E-16
4456.09  4.280635E-16
4457.16  4.137328E-16
4458.23  4.027419E-16
4459.3  4.211804E-16
4460.37  4.117022E-16
4461.44  4.262266E-16
4462.51  4.232825E-16
4463.58  4.129367E-16
4464.65  4.322401E-16
4465.72  4.218771E-16
4466.79  4.119157E-16
4467.86  4.240173E-16
4468.93  4.150954E-16
4470.  3.832590E-16
4471.07  3.784416E-16
4472.14  3.859380E-16
4473.21  4.119559E-16
4474.28  4.243227E-16
4475.35  4.050498E-16
4476.42  4.226907E-16
4477.49  4.253745E-16
4478.56  3.912864E-16
4479.63  3.955057E-16
4480.7  4.315971E-16
4481.77  4.251578E-16
4482.84  3.986888E-16
4483.91  4.205327E-16
4484.98  4.357780E-16
4486.05  4.255490E-16
4487.12  4.026522E-16
4488.19  3.900452E-16
4489.26  3.775906E-16
4490.33  3.825780E-16
4491.4  4.111439E-16
4492.47  4.231017E-16
4493.54  4.165182E-16
4494.61  4.194855E-16
4495.68  4.168446E-16
4496.75  3.994531E-16
4497.82  3.860456E-16
4498.89  4.116970E-16
4499.96  4.183209E-16
4501.03  3.863800E-16
4502.1  4.045527E-16
4503.17  4.169015E-16
4504.24  3.975332E-16
4505.31  3.764325E-16
4506.38  3.786722E-16
4507.45  4.066209E-16
4508.52  4.377215E-16
4509.59  4.003990E-16
4510.66  3.810718E-16
4511.73  3.731554E-16
4512.8  3.929423E-16
4513.87  4.018113E-16
4514.94  4.036537E-16
4516.01  4.263006E-16
4517.08  4.459464E-16
4518.15  4.056768E-16
4519.22  3.630030E-16
4520.29  4.011628E-16
4521.36  4.129580E-16
4522.43  3.978383E-16
4523.5  4.020026E-16
4524.57  3.773344E-16
4525.64  3.740396E-16
4526.71  4.166762E-16
4527.78  4.067329E-16
4528.85  3.754802E-16
4529.92  3.853616E-16
4530.99  3.889997E-16
4532.06  3.724537E-16
4533.13  3.796306E-16
4534.2  4.126012E-16
4535.27  4.171990E-16
4536.34  4.063009E-16
4537.41  4.060471E-16
4538.48  3.751654E-16
4539.55  3.709343E-16
4540.62  3.958325E-16
4541.69  3.692667E-16
4542.76  3.648332E-16
4543.83  3.847965E-16
4544.9  3.760480E-16
4545.97  3.780826E-16
4547.04  4.016714E-16
4548.11  3.905022E-16
4549.18  3.467265E-16
4550.25  3.777777E-16
4551.32  4.167823E-16
4552.39  4.097449E-16
4553.46  4.163482E-16
4554.53  4.144330E-16
4555.6  3.883186E-16
4556.67  3.843262E-16
4557.74  3.593772E-16
4558.81  3.892575E-16
4559.88  3.964202E-16
4560.95  3.790977E-16
4562.02  3.567641E-16
4563.09  4.308104E-16
4564.16  3.891832E-16
4565.23  3.552451E-16
4566.3  3.406175E-16
4567.37  3.699002E-16
4568.44  3.618186E-16
4569.51  3.659468E-16
4570.58  4.103483E-16
4571.65  4.063007E-16
4572.72  3.458375E-16
4573.79  3.866442E-16
4574.86  3.987055E-16
4575.93  4.052527E-16
4577.  3.881607E-16
4578.07  3.986682E-16
4579.14  4.017944E-16
4580.21  3.666228E-16
4581.28  3.315496E-16
4582.35  4.035084E-16
4583.42  3.963685E-16
4584.49  3.369760E-16
4585.56  3.610372E-16
4586.63  3.737515E-16
4587.7  3.621166E-16
4588.77  3.631536E-16
4589.84  3.778682E-16
4590.91  3.761207E-16
4591.98  3.480759E-16
4593.05  3.339244E-16
4594.12  3.620471E-16
4595.19  3.786046E-16
4596.26  3.857424E-16
4597.33  3.874664E-16
4598.4  3.887429E-16
4599.47  3.890274E-16
4600.54  3.694068E-16
4601.61  3.688912E-16
4602.68  3.580128E-16
4603.75  3.958282E-16
4604.82  4.163088E-16
4605.89  3.744360E-16
4606.96  3.608212E-16
4608.03  3.566992E-16
4609.1  3.687920E-16
4610.17  3.920178E-16
4611.24  3.781599E-16
4612.31  3.636905E-16
4613.38  3.430141E-16
4614.45  4.015500E-16
4615.52  4.051487E-16
4616.59  3.409080E-16
4617.66  3.650245E-16
4618.73  3.849370E-16
4619.8  3.599536E-16
4620.87  4.236566E-16
4621.94  3.981978E-16
4623.01  3.818095E-16
4624.08  3.710557E-16
4625.15  3.632769E-16
4626.22  4.055810E-16
4627.29  3.805208E-16
4628.36  3.665682E-16
4629.43  3.754285E-16
4630.5  3.732460E-16
4631.57  3.880004E-16
4632.64  4.127351E-16
4633.71  3.785180E-16
4634.78  3.518266E-16
4635.85  3.622367E-16
4636.92  3.494888E-16
4637.99  3.597888E-16
4639.06  3.662619E-16
4640.13  3.834570E-16
4641.2  3.497174E-16
4642.27  3.622967E-16
4643.34  3.705927E-16
4644.41  3.314827E-16
4645.48  3.475625E-16
4646.55  3.460272E-16
4647.62  3.225833E-16
4648.69  3.278629E-16
4649.76  3.253743E-16
4650.83  3.590182E-16
4651.9  3.549512E-16
4652.97  3.567212E-16
4654.04  3.937712E-16
4655.11  3.626957E-16
4656.18  3.300699E-16
4657.25  3.451684E-16
4658.32  3.683914E-16
4659.39  3.777911E-16
4660.46  3.479324E-16
4661.53  3.198577E-16
4662.6  3.191569E-16
4663.67  3.080792E-16
4664.74  3.374986E-16
4665.81  3.340274E-16
4666.88  3.013047E-16
4667.95  2.996051E-16
4669.02  3.383830E-16
4670.09  3.608110E-16
4671.16  3.417684E-16
4672.23  3.448241E-16
4673.3  3.251105E-16
4674.37  3.290819E-16
4675.44  3.384912E-16
4676.51  3.422764E-16
4677.58  3.623042E-16
4678.65  3.393091E-16
4679.72  3.558996E-16
4680.79  3.196749E-16
4681.86  3.260632E-16
4682.93  3.345884E-16
4684.  3.254392E-16
4685.07  3.259291E-16
4686.14  3.140821E-16
4687.21  3.530129E-16
4688.28  3.219113E-16
4689.35  3.482634E-16
4690.42  3.803722E-16
4691.49  3.613569E-16
4692.56  3.324542E-16
4693.63  3.056291E-16
4694.7  3.315828E-16
4695.77  3.219659E-16
4696.84  3.161635E-16
4697.91  3.324169E-16
4698.98  3.260925E-16
4700.05  3.381387E-16
4701.12  3.502363E-16
4702.19  3.553406E-16
4703.26  3.596945E-16
4704.33  3.257023E-16
4705.4  3.288693E-16
4706.47  3.493665E-16
4707.54  3.588425E-16
4708.61  3.604046E-16
4709.68  3.528086E-16
4710.75  3.506115E-16
4711.82  3.625956E-16
4712.89  3.565528E-16
4713.96  3.592141E-16
4715.03  3.551813E-16
4716.1  3.335974E-16
4717.17  3.648867E-16
4718.24  3.732980E-16
4719.31  3.453632E-16
4720.38  3.305357E-16
4721.45  3.367761E-16
4722.52  3.740606E-16
4723.59  3.707234E-16
4724.66  3.657292E-16
4725.73  3.655572E-16
4726.8  3.470768E-16
4727.87  3.227004E-16
4728.94  3.605570E-16
4730.01  4.142114E-16
4731.08  3.625394E-16
4732.15  3.426653E-16
4733.22  3.627554E-16
4734.29  3.518336E-16
4735.36  3.441931E-16
4736.43  3.448843E-16
4737.5  3.470883E-16
4738.57  3.750431E-16
4739.64  3.735499E-16
4740.71  3.374693E-16
4741.78  3.277942E-16
4742.85  3.400476E-16
4743.92  3.435803E-16
4744.99  3.367685E-16
4746.06  3.200784E-16
4747.13  3.723585E-16
4748.2  3.685570E-16
4749.27  3.626482E-16
4750.34  3.621828E-16
4751.41  3.791401E-16
4752.48  3.487459E-16
4753.55  3.578477E-16
4754.62  3.817429E-16
4755.69  3.625161E-16
4756.76  3.916484E-16
4757.83  3.754192E-16
4758.9  3.417519E-16
4759.97  3.445505E-16
4761.04  3.427449E-16
4762.11  2.964788E-16
4763.18  3.072383E-16
4764.25  3.153829E-16
4765.32  3.401172E-16
4766.39  3.551444E-16
4767.46  3.695476E-16
4768.53  3.445371E-16
4769.6  3.265381E-16
4770.67  3.366496E-16
4771.74  3.369573E-16
4772.81  3.312093E-16
4773.88  3.276607E-16
4774.95  3.298885E-16
4776.02  3.299038E-16
4777.09  3.399001E-16
4778.16  3.201797E-16
4779.23  3.043446E-16
4780.3  3.180215E-16
4781.37  3.078188E-16
4782.44  3.055697E-16
4783.51  3.298196E-16
4784.58  3.615863E-16
4785.65  3.355896E-16
4786.72  3.043896E-16
4787.79  3.084384E-16
4788.86  3.131482E-16
4789.93  3.368067E-16
4791.  3.585957E-16
4792.07  3.139649E-16
4793.14  3.063442E-16
4794.21  3.362159E-16
4795.28  3.059682E-16
4796.35  3.225566E-16
4797.42  3.500106E-16
4798.49  3.300512E-16
4799.56  3.232723E-16
4800.63  3.312906E-16
4801.7  3.469887E-16
4802.77  3.190488E-16
4803.84  2.888860E-16
4804.91  3.230670E-16
4805.98  3.398972E-16
4807.05  3.194572E-16
4808.12  3.133520E-16
4809.19  3.141078E-16
4810.26  3.403257E-16
4811.33  3.191272E-16
4812.4  3.044862E-16
4813.47  3.400457E-16
4814.54  3.243926E-16
4815.61  3.241986E-16
4816.68  3.278470E-16
4817.75  3.141917E-16
4818.82  2.999377E-16
4819.89  3.274183E-16
4820.96  3.170649E-16
4822.03  3.139135E-16
4823.1  2.902471E-16
4824.17  3.094485E-16
4825.24  2.927576E-16
4826.31  2.912571E-16
4827.38  3.310799E-16
4828.45  3.221043E-16
4829.52  2.963838E-16
4830.59  2.930023E-16
4831.66  2.882207E-16
4832.73  2.749127E-16
4833.8  2.681542E-16
4834.87  2.876732E-16
4835.94  2.816157E-16
4837.01  2.547091E-16
4838.08  2.602179E-16
4839.15  2.408295E-16
4840.22  2.271723E-16
4841.29  2.598294E-16
4842.36  2.695699E-16
4843.43  2.578315E-16
4844.5  2.521172E-16
4845.57  2.524849E-16
4846.64  2.421746E-16
4847.71  2.505327E-16
4848.78  2.713988E-16
4849.85  2.275420E-16
4850.92  1.791871E-16
4851.99  1.788790E-16
4853.06  1.943131E-16
4854.13  1.815547E-16
4855.2  1.912104E-16
4856.27  1.717652E-16
4857.34  1.780983E-16
4858.41  1.827371E-16
4859.48  1.958729E-16
4860.55  1.884053E-16
4861.62  1.649530E-16
4862.69  1.912581E-16
4863.76  1.856691E-16
4864.83  1.817196E-16
4865.9  1.859830E-16
4866.97  2.057197E-16
4868.04  2.390937E-16
4869.11  2.299657E-16
4870.18  2.236053E-16
4871.25  2.150665E-16
4872.32  2.127694E-16
4873.39  2.225126E-16
4874.46  2.263119E-16
4875.53  2.535396E-16
4876.6  2.463995E-16
4877.67  2.238417E-16
4878.74  2.438376E-16
4879.81  2.417212E-16
4880.88  2.419703E-16
4881.95  2.384687E-16
4883.02  2.592728E-16
4884.09  2.621456E-16
4885.16  2.632070E-16
4886.23  2.530734E-16
4887.3  2.439354E-16
4888.37  2.635125E-16
4889.44  2.705416E-16
4890.51  2.747134E-16
4891.58  2.606145E-16
4892.65  2.768595E-16
4893.72  2.725155E-16
4894.79  2.675132E-16
4895.86  2.551022E-16
4896.93  2.543716E-16
4898.  2.823656E-16
4899.07  2.768981E-16
4900.14  2.734663E-16
4901.21  2.891548E-16
4902.28  2.879347E-16
4903.35  2.745733E-16
4904.42  2.823766E-16
4905.49  2.773617E-16
4906.56  2.777850E-16
4907.63  3.055901E-16
4908.7  3.007445E-16
4909.77  2.936332E-16
4910.84  3.110274E-16
4911.91  2.878536E-16
4912.98  2.703929E-16
4914.05  2.835979E-16
4915.12  3.179169E-16
4916.19  3.139656E-16
4917.26  3.120188E-16
4918.33  2.700891E-16
4919.4  2.603466E-16
4920.47  2.989871E-16
4921.54  2.918365E-16
4922.61  2.746916E-16
4923.68  2.691751E-16
4924.75  3.011185E-16
4925.82  2.957724E-16
4926.89  2.689939E-16
4927.96  2.865488E-16
4929.03  2.815514E-16
4930.1  2.724231E-16
4931.17  2.807734E-16
4932.24  3.015807E-16
4933.31  3.323290E-16
4934.38  3.020658E-16
4935.45  2.625912E-16
4936.52  2.825648E-16
4937.59  2.897214E-16
4938.66  2.914235E-16
4939.73  2.943062E-16
4940.8  2.971992E-16
4941.87  2.705867E-16
4942.94  2.678641E-16
4944.01  2.583572E-16
4945.08  2.684662E-16
4946.15  2.812247E-16
4947.22  2.814235E-16
4948.29  2.885126E-16
4949.36  2.944333E-16
4950.43  2.819402E-16
4951.5  2.885009E-16
4952.57  2.808451E-16
4953.64  2.661287E-16
4954.71  2.850114E-16
4955.78  3.024583E-16
4956.85  2.967002E-16
4957.92  2.915094E-16
4958.99  2.796248E-16
4960.06  2.641548E-16
4961.13  2.473354E-16
4962.2  2.676869E-16
4963.27  2.783314E-16
4964.34  2.661772E-16
4965.41  2.770803E-16
4966.48  2.802102E-16
4967.55  2.995562E-16
4968.62  2.964007E-16
4969.69  2.573903E-16
4970.76  2.580463E-16
4971.83  2.839007E-16
4972.9  2.818059E-16
4973.97  2.617643E-16
4975.04  2.774098E-16
4976.11  2.905059E-16
4977.18  2.790127E-16
4978.25  2.705180E-16
4979.32  2.703368E-16
4980.39  2.537479E-16
4981.46  2.538384E-16
4982.53  2.703761E-16
4983.6  2.616419E-16
4984.67  2.977638E-16
4985.74  3.074899E-16
4986.81  2.656455E-16
4987.88  2.759395E-16
4988.95  2.511259E-16
4990.02  2.904002E-16
4991.09  2.840824E-16
4992.16  2.661320E-16
4993.23  2.815532E-16
4994.3  2.811891E-16
4995.37  2.858460E-16
4996.44  2.812595E-16
4997.51  2.645574E-16
4998.58  2.963726E-16
4999.65  2.706582E-16
5000.72  2.686371E-16
5001.79  2.838961E-16
5002.86  2.804413E-16
5003.93  2.951307E-16
5005.  2.729465E-16
5006.07  2.559639E-16
5007.14  2.885505E-16
5008.21  2.605844E-16
5009.28  2.592032E-16
5010.35  2.806651E-16
5011.42  2.793087E-16
5012.49  2.706113E-16
5013.56  2.481302E-16
5014.63  2.250942E-16
5015.7  2.460577E-16
5016.77  2.492103E-16
5017.84  2.617069E-16
5018.91  2.899257E-16
5019.98  2.902957E-16
5021.05  2.761798E-16
5022.12  2.828353E-16
5023.19  3.029448E-16
5024.26  3.053533E-16
5025.33  2.896272E-16
5026.4  2.536884E-16
5027.47  2.376251E-16
5028.54  2.735745E-16
5029.61  3.021829E-16
5030.68  2.900082E-16
5031.75  2.703482E-16
5032.82  2.865718E-16
5033.89  2.900439E-16
5034.96  2.789351E-16
5036.03  2.746055E-16
5037.1  2.840766E-16
5038.17  3.219233E-16
5039.24  3.005479E-16
5040.31  2.793289E-16
5041.38  2.896273E-16
5042.45  2.807599E-16
5043.52  2.709406E-16
5044.59  2.769016E-16
5045.66  2.841945E-16
5046.73  2.750756E-16
5047.8  2.601365E-16
5048.87  2.800094E-16
5049.94  3.224470E-16
5051.01  2.803540E-16
5052.08  2.774657E-16
5053.15  2.842795E-16
5054.22  2.768403E-16
5055.29  2.748421E-16
5056.36  2.894813E-16
5057.43  2.635659E-16
5058.5  2.755937E-16
5059.57  2.866380E-16
5060.64  2.833895E-16
5061.71  2.850542E-16
5062.78  2.646791E-16
5063.85  2.685667E-16
5064.92  3.100241E-16
5065.99  2.895877E-16
5067.06  2.582410E-16
5068.13  2.579355E-16
5069.2  2.534215E-16
5070.27  2.485024E-16
5071.34  2.846724E-16
5072.41  3.097803E-16
5073.48  2.797299E-16
5074.55  2.572006E-16
5075.62  2.543110E-16
5076.69  2.593371E-16
5077.76  2.585349E-16
5078.83  2.786870E-16
5079.9  2.706224E-16
5080.97  2.462408E-16
5082.04  2.602635E-16
5083.11  2.837211E-16
5084.18  2.734390E-16
5085.25  2.569291E-16
5086.32  2.655651E-16
5087.39  2.698277E-16
5088.46  2.927079E-16
5089.53  2.801528E-16
5090.6  2.630706E-16
5091.67  2.702937E-16
5092.74  2.735881E-16
5093.81  2.769739E-16
5094.88  2.808472E-16
5095.95  2.600492E-16
5097.02  2.518394E-16
5098.09  2.460698E-16
5099.16  2.422727E-16
5100.23  2.590437E-16
5101.3  2.557240E-16
5102.37  2.704619E-16
5103.44  2.847272E-16
5104.51  2.537147E-16
5105.58  2.365788E-16
5106.65  2.272038E-16
5107.72  2.433683E-16
5108.79  2.770110E-16
5109.86  2.693171E-16
5110.93  2.534244E-16
5112.  2.505942E-16
5113.07  2.628899E-16
5114.14  2.542099E-16
5115.21  2.525021E-16
5116.28  2.706278E-16
5117.35  2.586846E-16
5118.42  2.508872E-16
5119.49  2.606709E-16
5120.56  2.859881E-16
5121.63  2.817722E-16
5122.7  2.500799E-16
5123.77  2.523756E-16
5124.84  2.551077E-16
5125.91  2.858237E-16
5126.98  2.535664E-16
5128.05  2.575865E-16
5129.12  2.618032E-16
5130.19  2.527759E-16
5131.26  2.542507E-16
5132.33  2.465696E-16
5133.4  2.355547E-16
5134.47  2.681980E-16
5135.54  2.734722E-16
5136.61  2.393417E-16
5137.68  2.374670E-16
5138.75  2.746991E-16
5139.82  2.529736E-16
5140.89  2.683668E-16
5141.96  2.453603E-16
5143.03  2.600916E-16
5144.1  2.852295E-16
5145.17  2.695618E-16
5146.24  2.418872E-16
5147.31  2.576722E-16
5148.38  2.416962E-16
5149.45  2.499481E-16
5150.52  2.472008E-16
5151.59  2.326263E-16
5152.66  2.557611E-16
5153.73  2.650639E-16
5154.8  2.565175E-16
5155.87  2.510307E-16
5156.94  2.620535E-16
5158.01  2.701860E-16
5159.08  2.667435E-16
5160.15  2.690158E-16
5161.22  2.649741E-16
5162.29  2.652897E-16
5163.36  2.488328E-16
5164.43  2.454600E-16
5165.5  2.720416E-16
5166.57  2.639912E-16
5167.64  2.672329E-16
5168.71  2.649261E-16
5169.78  2.540480E-16
5170.85  2.667525E-16
5171.92  2.839971E-16
5172.99  2.898566E-16
5174.06  2.906953E-16
5175.13  2.969394E-16
5176.2  2.788558E-16
5177.27  2.535202E-16
5178.34  2.485829E-16
5179.41  2.601038E-16
5180.48  2.976430E-16
5181.55  2.894944E-16
5182.62  2.461139E-16
5183.69  2.597507E-16
5184.76  2.684664E-16
5185.83  2.609318E-16
5186.9  2.591473E-16
5187.97  2.485254E-16
5189.04  2.717824E-16
5190.11  2.740060E-16
5191.18  2.643004E-16
5192.25  2.813169E-16
5193.32  2.828430E-16
5194.39  2.729432E-16
5195.46  2.610812E-16
5196.53  2.745599E-16
5197.6  2.650331E-16
5198.67  2.580408E-16
5199.74  2.561920E-16
5200.81  2.774460E-16
5201.88  2.592974E-16
5202.95  2.222135E-16
5204.02  2.342676E-16
5205.09  2.366215E-16
5206.16  2.399339E-16
5207.23  2.597134E-16
5208.3  2.695414E-16
5209.37  2.719998E-16
5210.44  2.693872E-16
5211.51  2.532145E-16
5212.58  2.672954E-16
5213.65  2.931955E-16
5214.72  3.009566E-16
5215.79  2.517035E-16
5216.86  2.290123E-16
5217.93  2.697900E-16
5219.  2.505788E-16
5220.07  2.471157E-16
5221.14  2.363535E-16
5222.21  2.301938E-16
5223.28  2.378404E-16
5224.35  2.433849E-16
5225.42  2.314921E-16
5226.49  2.722492E-16
5227.56  2.683340E-16
5228.63  2.491288E-16
5229.7  2.221157E-16
5230.77  2.038530E-16
5231.84  2.330426E-16
5232.91  2.541321E-16
5233.98  2.644411E-16
5235.05  2.619330E-16
5236.12  2.602595E-16
5237.19  2.476750E-16
5238.26  2.360912E-16
5239.33  2.566984E-16
5240.4  2.388940E-16
5241.47  2.263903E-16
5242.54  2.364421E-16
5243.61  2.436984E-16
5244.68  2.789336E-16
5245.75  2.501979E-16
5246.82  2.159232E-16
5247.89  2.295270E-16
5248.96  2.287942E-16
5250.03  2.109946E-16
5251.1  2.247778E-16
5252.17  2.435003E-16
5253.24  2.472707E-16
5254.31  2.171274E-16
5255.38  2.348375E-16
5256.45  2.563700E-16
5257.52  2.734502E-16
5258.59  2.738019E-16
5259.66  2.287398E-16
5260.73  2.277813E-16
5261.8  2.381483E-16
5262.87  2.217500E-16
5263.94  2.256767E-16
5265.01  2.300937E-16
5266.08  2.258802E-16
5267.15  2.518797E-16
5268.22  2.758341E-16
5269.29  2.559233E-16
5270.36  2.298163E-16
5271.43  2.264155E-16
5272.5  2.323248E-16
5273.57  2.415530E-16
5274.64  2.588775E-16
5275.71  2.631353E-16
5276.78  2.558736E-16
5277.85  2.452968E-16
5278.92  2.280787E-16
5279.99  2.409147E-16
5281.06  2.600817E-16
5282.13  2.671264E-16
5283.2  2.743484E-16
5284.27  2.617476E-16
5285.34  2.413010E-16
5286.41  2.276441E-16
5287.48  2.413185E-16
5288.55  2.407083E-16
5289.62  2.198286E-16
5290.69  2.406616E-16
5291.76  2.688854E-16
5292.83  2.317756E-16
5293.9  2.421042E-16
5294.97  2.519806E-16
5296.04  2.432147E-16
5297.11  2.338559E-16
5298.18  2.286547E-16
5299.25  2.291984E-16
5300.32  2.447488E-16
5301.39  2.395296E-16
5302.46  2.290760E-16
5303.53  2.279058E-16
5304.6  2.344780E-16
5305.67  2.367090E-16
5306.74  2.313596E-16
5307.81  2.405224E-16
5308.88  2.265382E-16
5309.95  2.487481E-16
5311.02  3.060939E-16
5312.09  2.629614E-16
5313.16  2.452760E-16
5314.23  2.320957E-16
5315.3  2.279101E-16
5316.37  2.316055E-16
5317.44  2.376014E-16
5318.51  2.323294E-16
5319.58  2.211816E-16
5320.65  2.143543E-16
5321.72  1.943437E-16
5322.79  2.001889E-16
5323.86  2.158155E-16
5324.93  2.250583E-16
5326.  2.218835E-16
5327.07  2.426947E-16
5328.14  2.226074E-16
5329.21  2.135653E-16
5330.28  2.313011E-16
5331.35  2.568457E-16
5332.42  2.527938E-16
5333.49  2.717925E-16
5334.56  2.679430E-16
5335.63  2.722970E-16
5336.7  2.706915E-16
5337.77  2.643481E-16
5338.84  2.396193E-16
5339.91  2.344415E-16
5340.98  2.645275E-16
5342.05  2.512583E-16
5343.12  2.248878E-16
5344.19  2.226723E-16
5345.26  2.675103E-16
5346.33  2.730589E-16
5347.4  2.353531E-16
5348.47  2.319970E-16
5349.54  2.160277E-16
5350.61  2.227195E-16
5351.68  2.588611E-16
5352.75  2.798530E-16
5353.82  2.464875E-16
5354.89  2.585919E-16
5355.96  2.756386E-16
5357.03  2.520217E-16
5358.1  2.667073E-16
5359.17  3.166938E-16
5360.24  2.568302E-16
5361.31  2.400113E-16
5362.38  2.697755E-16
5363.45  2.331742E-16
5364.52  2.320830E-16
5365.59  2.486386E-16
5366.66  2.322488E-16
5367.73  2.367663E-16
5368.8  2.376064E-16
5369.87  2.290406E-16
5370.94  2.330517E-16
5372.01  2.722516E-16
5373.08  3.025099E-16
5374.15  2.752996E-16
5375.22  2.625653E-16
5376.29  2.495024E-16
5377.36  2.539020E-16
5378.43  2.608356E-16
5379.5  2.533378E-16
5380.57  2.469474E-16
5381.64  2.622854E-16
5382.71  2.633832E-16
5383.78  2.352412E-16
5384.85  2.547102E-16
5385.92  2.534446E-16
5386.99  2.526468E-16
5388.06  2.680818E-16
5389.13  2.751673E-16
5390.2  2.713045E-16
5391.27  2.730702E-16
5392.34  2.885549E-16
5393.41  2.643332E-16
5394.48  2.476066E-16
5395.55  2.354644E-16
5396.62  2.131078E-16
5397.69  1.957655E-16
5398.76  2.390296E-16
5399.83  2.897855E-16
5400.9  2.374299E-16
5401.97  2.051296E-16
5403.04  2.414199E-16
5404.11  2.191389E-16
5405.18  2.254988E-16
5406.25  2.601711E-16
5407.32  2.277430E-16
5408.39  2.343659E-16
5409.46  2.342219E-16
5410.53  2.213458E-16
5411.6  2.458256E-16
5412.67  2.143485E-16
5413.74  2.209803E-16
5414.81  2.745275E-16
5415.88  2.332527E-16
5416.95  2.402201E-16
5418.02  2.388697E-16
5419.09  2.336821E-16
5420.16  2.689221E-16
5421.23  2.671429E-16
5422.3  2.404541E-16
5423.37  2.073732E-16
5424.44  2.303744E-16
5425.51  2.599318E-16
5426.58  2.282588E-16
5427.65  2.192765E-16
5428.72  1.804205E-16
5429.79  2.129445E-16
5430.86  2.353657E-16
5431.93  2.378530E-16
5433.  1.965650E-16
5434.07  2.631944E-16
5435.14  2.199390E-16
5436.21  2.012786E-16
5437.28  2.060949E-16
5438.35  2.321936E-16
5439.42  2.218256E-16
5440.49  1.702932E-16
5441.56  2.183672E-16
5442.63  1.695618E-16
5443.7  1.958313E-16
5444.77  2.696616E-16
5445.84  2.219892E-16
5446.91  1.878599E-16
5447.98  2.157355E-16
5449.05  2.575422E-16
5450.12  2.433676E-16
5451.19  2.062430E-16
5452.26  2.075601E-16
5453.33  2.268404E-16
5454.4  2.508997E-16
5455.47  2.092100E-16
5456.54  2.276265E-16
5457.61  2.462946E-16
5458.68  2.577575E-16
5459.75  2.903593E-16
5460.82  2.772750E-16
5461.89  1.877066E-16
5462.96  2.186178E-16
5464.03  2.047329E-16
5465.1  2.367406E-16
5466.17  2.970521E-16
5467.24  2.395942E-16
5468.31  1.888564E-16
5469.38  2.176348E-16
5470.45  2.328450E-16
5471.52  2.166863E-16
5472.59  2.061792E-16
5473.66  2.456240E-16
5474.73  2.410883E-16
5475.8  2.048302E-16
5476.87  2.227373E-16
5477.94  2.497054E-16
5479.01  2.309661E-16
5480.08  1.878508E-16
5481.15  2.201522E-16
5482.22  2.733315E-16
5483.29  2.719848E-16
5484.36  2.145938E-16
5485.43  1.834168E-16
5486.5  1.905048E-16
5487.57  2.265659E-16
5488.64  2.649774E-16
5489.71  2.283318E-16
5490.78  1.977064E-16
5491.85  2.021444E-16
5492.92  2.201810E-16
5493.99  2.376342E-16
5495.06  2.494958E-16
5496.13  2.394492E-16
5497.2  2.741414E-16
5498.27  2.478700E-16
5499.34  2.514947E-16
5500.41  2.058190E-16
5501.48  2.226681E-16
5502.55  3.087634E-16
5503.62  2.524504E-16
5504.69  2.372802E-16
5505.76  2.751704E-16
5506.83  2.499875E-16
5507.9  2.353121E-16
5508.97  2.322562E-16
5510.04  2.339809E-16
5511.11  3.045416E-16
5512.18  2.788063E-16
5513.25  2.492033E-16
5514.32  3.303203E-16
5515.39  2.791806E-16
5516.46  2.183379E-16
5517.53  2.392350E-16
5518.6  2.701252E-16
5519.67  3.358212E-16
5520.74  3.356879E-16
5521.81  2.836981E-16
5522.88  2.895688E-16
5523.95  2.866992E-16
5525.02  2.219883E-16
5526.09  1.995958E-16
5527.16  2.360718E-16
5528.23  2.389011E-16
5529.3  2.254108E-16
5530.37  2.686697E-16
5531.44  3.267309E-16
5532.51  2.978496E-16
5533.58  2.772506E-16
5534.65  3.147621E-16
5535.72  2.902619E-16
5536.79  2.828680E-16
5537.86  2.963081E-16
5538.93  3.222808E-16
5540.  3.284272E-16
5541.07  2.892062E-16
5542.14  2.559139E-16
5543.21  2.651703E-16
5544.28  3.385332E-16
5545.35  3.232133E-16
5546.42  2.571978E-16
5547.49  3.360312E-16
5548.56  3.318720E-16
5549.63  2.652329E-16
5550.7  2.829437E-16
5551.77  2.951589E-16
5552.84  2.570794E-16
5553.91  1.908970E-16
5554.98  1.983416E-16
5556.05  2.717345E-16
5557.12  3.391187E-16
5558.19  2.710697E-16
5559.26  2.468617E-16
5560.33  3.027176E-16
5561.4  2.651659E-16
5562.47  2.524021E-16
5563.54  3.176221E-16
5564.61  3.563036E-16
5565.68  2.685488E-16
5566.75  2.470454E-16
5567.82  2.606989E-16
5568.89  2.197471E-16
5569.96  2.577619E-16
5571.03  3.056722E-16
5572.1  2.845394E-16
5573.17  2.162522E-16
5574.24  1.713671E-16
5575.31  1.861714E-16
5576.38  4.850142E-16
5577.45  5.681547E-16
5578.52  2.821234E-16
5579.59  1.044162E-16
5580.66  5.834400E-17
5581.73  1.885104E-16
5582.8  1.820875E-16
5583.87  2.205069E-16
5584.94  2.006740E-16
5586.01  1.706221E-16
5587.08  2.108208E-16
5588.15  2.525052E-16
5589.22  2.648167E-16
5590.29  1.607807E-16
5591.36  2.222229E-16
5592.43  2.360646E-16
5593.5  1.326878E-16
5594.57  2.658173E-16
5595.64  3.261805E-16
5596.71  2.253199E-16
5597.78  2.726207E-16
5598.85  2.335504E-16
5599.92  2.262493E-16
5600.99  2.229195E-16
5602.06  1.935184E-16
5603.13  2.269563E-16
5604.2  1.437157E-16
5605.27  2.848086E-16
5606.34  3.515019E-16
5607.41  1.935931E-16
5608.48  2.801812E-16
5609.55  3.091424E-16
5610.62  1.360554E-16
5611.69  1.180490E-16
5612.76  1.949208E-16
5613.83  1.272203E-16
5614.9  1.868217E-16
5615.97  3.020523E-16
5617.04  3.100742E-16
5618.11  2.591536E-16
5619.18  2.848785E-16
5620.25  2.580551E-16
5621.32  2.418333E-16
5622.39  1.332597E-16
5623.46  1.392478E-16
5624.53  1.828162E-16
5625.6  3.392223E-16
5626.67  3.288311E-16
5627.74  2.139869E-16
5628.81  2.371400E-16
5629.88  2.442788E-16
5630.95  2.583775E-16
5632.02  1.583219E-16
5633.09  2.051364E-16
5634.16  2.026791E-16
5635.23  9.037354E-17
5636.3  4.325743E-16
5637.37  3.286085E-16
5638.44  2.344822E-16
5639.51  3.465251E-16
5640.58  2.385423E-16
5641.65  2.322984E-16
5642.72  2.266210E-16
5643.79  2.721903E-16
5644.86  4.449787E-16
5645.93  2.448515E-16
5647.  2.892105E-16
5648.07  3.373051E-16
5649.14  2.033471E-16
5650.21  3.988435E-16
5651.28  2.878249E-16
5652.35  1.385862E-16
5653.42  8.998760E-17
5654.49  2.861954E-16
5655.56  4.218369E-16
5656.63  2.316183E-16
5657.7  4.121550E-16
5658.77  2.095883E-16
5659.84  2.396058E-16
5660.91  4.578690E-16
5661.98  4.840300E-16
5663.05  1.653151E-16
5664.12  1.546622E-16
5665.19  2.331841E-16
5666.26  1.767589E-16
5667.33  3.517492E-16
5668.4  1.879508E-16
5669.47  2.320985E-16
5670.54  4.735863E-16
5671.61  3.186833E-16
5672.68  2.081249E-16
5673.75  2.942147E-16
5674.82  9.494458E-17
5675.89  3.540588E-16
5676.96  5.888845E-16
5678.03  3.901868E-16
5679.1  4.422459E-16
5680.17  2.669129E-16
5681.24  3.234158E-16
5682.31  3.309384E-16
5683.38  -9.202992E-17
5684.45  1.166081E-16
5685.52  4.043623E-16
5686.59  4.990490E-16
5687.66  4.954192E-16
5688.73  9.480993E-17
5689.8  2.605634E-16
5690.87  1.689315E-16
5691.94  3.744328E-16
5693.01  4.313512E-16
5694.08  2.723966E-16
5695.15  6.221599E-16
5696.22  5.762556E-16
5697.29  2.432608E-17
5698.36  7.607491E-16
5699.43  2.531697E-16
5700.5  -1.322869E-16
