3400.  8.600649E-16
3401.07  6.988004E-16
3402.14  8.657010E-16
3403.21  1.037800E-15
3404.28  9.537144E-16
3405.35  7.877995E-16
3406.42  8.991197E-16
3407.49  7.556701E-16
3408.56  7.799760E-16
3409.63  9.065749E-16
3410.7  7.951483E-16
3411.77  6.244442E-16
3412.84  6.436119E-16
3413.91  7.547697E-16
3414.98  8.279635E-16
3416.05  7.660369E-16
3417.12  7.297535E-16
3418.19  8.875168E-16
3419.26  8.603766E-16
3420.33  8.059257E-16
3421.4  8.814293E-16
3422.47  7.317838E-16
3423.54  7.616265E-16
3424.61  8.582071E-16
3425.68  7.413141E-16
3426.75  7.786332E-16
3427.82  6.107891E-16
3428.89  6.026951E-16
3429.96  6.815276E-16
3431.03  4.177327E-16
3432.1  5.530415E-16
3433.17  6.024164E-16
3434.24  5.449040E-16
3435.31  6.574212E-16
3436.38  6.351001E-16
3437.45  6.322241E-16
3438.52  7.510789E-16
3439.59  7.126278E-16
3440.66  7.236923E-16
3441.73  6.489788E-16
3442.8  6.151165E-16
3443.87  6.551361E-16
3444.94  5.434325E-16
3446.01  5.809710E-16
3447.08  6.130275E-16
3448.15  7.315112E-16
3449.22  7.038688E-16
3450.29  6.765112E-16
3451.36  6.957413E-16
3452.43  5.753923E-16
3453.5  7.266383E-16
3454.57  7.164362E-16
3455.64  6.431564E-16
3456.71  7.125664E-16
3457.78  8.201066E-16
3458.85  9.217294E-16
3459.92  5.951337E-16
3460.99  6.596562E-16
3462.06  6.050446E-16
3463.13  6.744565E-16
3464.2  5.403138E-16
3465.27  6.450403E-16
3466.34  7.344366E-16
3467.41  7.339631E-16
3468.48  7.076275E-16
3469.55  6.622546E-16
3470.62  8.118005E-16
3471.69  6.774297E-16
3472.76  7.792633E-16
3473.83  7.119598E-16
3474.9  6.227506E-16
3475.97  6.199675E-16
3477.04  5.761351E-16
3478.11  6.624369E-16
3479.18  6.290631E-16
3480.25  6.744703E-16
3481.32  5.874249E-16
3482.39  6.050471E-16
3483.46  6.315099E-16
3484.53  6.146653E-16
3485.6  6.941474E-16
3486.67  7.044310E-16
3487.74  6.236065E-16
3488.81  5.002182E-16
3489.88  5.420695E-16
3490.95  5.803675E-16
3492.02  6.430018E-16
3493.09  6.456517E-16
3494.16  5.198441E-16
3495.23  4.876585E-16
3496.3  4.607342E-16
3497.37  5.398861E-16
3498.44  5.823387E-16
3499.51  7.047563E-16
3500.58  6.954217E-16
3501.65  5.346178E-16
3502.72  5.644648E-16
3503.79  5.464197E-16
3504.86  6.384542E-16
3505.93  6.588168E-16
3507.  6.009016E-16
3508.07  6.386643E-16
3509.14  6.570438E-16
3510.21  6.611923E-16
3511.28  5.778586E-16
3512.35  5.876568E-16
3513.42  7.214242E-16
3514.49  6.322493E-16
3515.56  6.275055E-16
3516.63  6.713583E-16
3517.7  6.196166E-16
3518.77  5.791797E-16
3519.84  6.872132E-16
3520.91  6.643428E-16
3521.98  6.086164E-16
3523.05  6.600221E-16
3524.12  6.705142E-16
3525.19  7.374340E-16
3526.26  6.823171E-16
3527.33  6.350727E-16
3528.4  6.295565E-16
3529.47  7.362761E-16
3530.54  6.832713E-16
3531.61  6.618153E-16
3532.68  7.141215E-16
3533.75  6.713027E-16
3534.82  6.505936E-16
3535.89  6.647144E-16
3536.96  6.446618E-16
3538.03  6.526560E-16
3539.1  7.126266E-16
3540.17  6.971679E-16
3541.24  8.026301E-16
3542.31  7.475415E-16
3543.38  7.055838E-16
3544.45  6.668020E-16
3545.52  6.378226E-16
3546.59  6.635700E-16
3547.66  6.872861E-16
3548.73  6.241191E-16
3549.8  6.965925E-16
3550.87  6.408979E-16
3551.94  6.716458E-16
3553.01  6.084333E-16
3554.08  5.979587E-16
3555.15  6.105750E-16
3556.22  6.266277E-16
3557.29  6.302933E-16
3558.36  5.531155E-16
3559.43  5.033264E-16
3560.5  5.121664E-16
3561.57  5.397534E-16
3562.64  5.326597E-16
3563.71  5.604949E-16
3564.78  5.419965E-16
3565.85  4.851764E-16
3566.92  5.274370E-16
3567.99  5.518807E-16
3569.06  5.700255E-16
3570.13  5.807142E-16
3571.2  4.601368E-16
3572.27  4.757437E-16
3573.34  5.246259E-16
3574.41  5.135920E-16
3575.48  5.605883E-16
3576.55  5.694552E-16
3577.62  5.419696E-16
3578.69  5.755921E-16
3579.76  5.290243E-16
3580.83  5.525669E-16
3581.9  5.384939E-16
3582.97  5.382543E-16
3584.04  5.852179E-16
3585.11  5.754723E-16
3586.18  5.840691E-16
3587.25  5.791213E-16
3588.32  5.544137E-16
3589.39  5.640323E-16
3590.46  5.304449E-16
3591.53  5.108967E-16
3592.6  5.318218E-16
3593.67  4.950946E-16
3594.74  5.780842E-16
3595.81  5.887535E-16
3596.88  5.917087E-16
3597.95  5.879333E-16
3599.02  5.572672E-16
3600.09  5.635659E-16
3601.16  5.503834E-16
3602.23  5.728152E-16
3603.3  6.296161E-16
3604.37  6.257095E-16
3605.44  6.094753E-16
3606.51  5.584066E-16
3607.58  5.736755E-16
3608.65  6.103697E-16
3609.72  6.325017E-16
3610.79  6.126611E-16
3611.86  5.952035E-16
3612.93  5.579554E-16
3614.  5.732225E-16
3615.07  6.474700E-16
3616.14  6.214750E-16
3617.21  6.387572E-16
3618.28  6.275214E-16
3619.35  5.477133E-16
3620.42  5.395147E-16
3621.49  6.243730E-16
3622.56  6.750702E-16
3623.63  6.101403E-16
3624.7  5.649216E-16
3625.77  6.090816E-16
3626.84  5.864514E-16
3627.91  6.268178E-16
3628.98  5.788963E-16
3630.05  5.341140E-16
3631.12  5.412988E-16
3632.19  5.840567E-16
3633.26  6.361206E-16
3634.33  5.981233E-16
3635.4  5.584180E-16
3636.47  6.011939E-16
3637.54  5.842780E-16
3638.61  5.718927E-16
3639.68  6.207168E-16
3640.75  5.795688E-16
3641.82  5.089275E-16
3642.89  4.969195E-16
3643.96  5.473269E-16
3645.03  5.429569E-16
3646.1  4.697219E-16
3647.17  4.595810E-16
3648.24  5.076180E-16
3649.31  5.144781E-16
3650.38  4.948721E-16
3651.45  4.515619E-16
3652.52  4.359128E-16
3653.59  4.161486E-16
3654.66  4.928428E-16
3655.73  5.007218E-16
3656.8  4.403601E-16
3657.87  4.425697E-16
3658.94  4.302102E-16
3660.01  4.684299E-16
3661.08  4.829125E-16
3662.15  4.656877E-16
3663.22  4.619802E-16
3664.29  4.445052E-16
3665.36  4.519637E-16
3666.43  4.323942E-16
3667.5  4.566864E-16
3668.57  4.684494E-16
3669.64  4.760395E-16
3670.71  4.782005E-16
3671.78  5.374739E-16
3672.85  5.683355E-16
3673.92  5.561130E-16
3674.99  5.116834E-16
3676.06  4.688279E-16
3677.13  4.990559E-16
3678.2  5.058045E-16
3679.27  4.804984E-16
3680.34  5.097174E-16
3681.41  4.789359E-16
3682.48  5.137330E-16
3683.55  5.245552E-16
3684.62  5.276570E-16
3685.69  5.715557E-16
3686.76  5.721670E-16
3687.83  5.808246E-16
3688.9  5.652712E-16
3689.97  5.261257E-16
3691.04  5.382416E-16
3692.11  5.413128E-16
3693.18  6.054834E-16
3694.25  5.830997E-16
3695.32  5.482610E-16
3696.39  4.859452E-16
3697.46  5.724008E-16
3698.53  5.121091E-16
3699.6  5.358273E-16
3700.67  5.534899E-16
3701.74  6.282895E-16
3702.81  6.061539E-16
3703.88  4.944695E-16
3704.95  5.273114E-16
3706.02  5.803193E-16
3707.09  5.477193E-16
3708.16  5.498417E-16
3709.23  5.491247E-16
3710.3  6.374026E-16
3711.37  5.899991E-16
3712.44  6.548289E-16
3713.51  5.181334E-16
3714.58  6.120938E-16
3715.65  6.273650E-16
3716.72  6.263085E-16
3717.79  5.848705E-16
3718.86  5.972914E-16
3719.93  5.368659E-16
3721.  5.287446E-16
3722.07  5.020094E-16
3723.14  5.380905E-16
3724.21  6.264492E-16
3725.28  5.320478E-16
3726.35  5.231776E-16
3727.42  5.177709E-16
3728.49  5.289497E-16
3729.56  5.248891E-16
3730.63  4.820849E-16
3731.7  4.986445E-16
3732.77  5.317357E-16
3733.84  4.654240E-16
3734.91  4.740244E-16
3735.98  4.691790E-16
3737.05  4.571168E-16
3738.12  4.374872E-16
3739.19  4.024060E-16
3740.26  4.400970E-16
3741.33  4.348174E-16
3742.4  4.459156E-16
3743.47  4.782589E-16
3744.54  4.507659E-16
3745.61  4.309123E-16
3746.68  4.236803E-16
3747.75  3.985928E-16
3748.82  4.185773E-16
3749.89  4.742152E-16
3750.96  4.423437E-16
3752.03  3.876646E-16
3753.1  3.628987E-16
3754.17  3.746399E-16
3755.24  4.440549E-16
3756.31  4.444695E-16
3757.38  3.891818E-16
3758.45  4.241470E-16
3759.52  4.772033E-16
3760.59  4.670932E-16
3761.66  3.941261E-16
3762.73  4.024442E-16
3763.8  4.430219E-16
3764.87  4.425961E-16
3765.94  4.401581E-16
3767.01  4.188727E-16
3768.08  3.913898E-16
3769.15  3.882028E-16
3770.22  4.319850E-16
3771.29  4.464873E-16
3772.36  4.214035E-16
3773.43  3.808456E-16
3774.5  4.214979E-16
3775.57  4.772394E-16
3776.64  4.611674E-16
3777.71  4.472057E-16
3778.78  4.633691E-16
3779.85  4.670866E-16
3780.92  4.529313E-16
3781.99  4.721694E-16
3783.06  4.392644E-16
3784.13  4.519100E-16
3785.2  4.788204E-16
3786.27  4.660645E-16
3787.34  4.166621E-16
3788.41  4.654465E-16
3789.48  4.954702E-16
3790.55  4.621915E-16
3791.62  4.469032E-16
3792.69  4.480198E-16
3793.76  3.899609E-16
3794.83  4.408357E-16
3795.9  4.530672E-16
3796.97  4.469253E-16
3798.04  4.716985E-16
3799.11  4.868165E-16
3800.18  4.862028E-16
3801.25  4.569888E-16
3802.32  4.478528E-16
3803.39  4.605864E-16
3804.46  4.786165E-16
3805.53  4.908852E-16
3806.6  4.714733E-16
3807.67  4.647231E-16
3808.74  4.833268E-16
3809.81  4.700541E-16
3810.88  5.004110E-16
3811.95  5.421742E-16
3813.02  4.651035E-16
3814.09  4.186331E-16
3815.16  4.796513E-16
3816.23  5.185032E-16
3817.3  5.188601E-16
3818.37  5.129952E-16
3819.44  5.117993E-16
3820.51  5.161852E-16
3821.58  4.846728E-16
3822.65  4.921729E-16
3823.72  5.141277E-16
3824.79  4.954126E-16
3825.86  4.842856E-16
3826.93  4.978432E-16
3828.  4.545295E-16
3829.07  4.347709E-16
3830.14  4.920283E-16
3831.21  4.817077E-16
3832.28  4.434173E-16
3833.35  4.514292E-16
3834.42  4.261004E-16
3835.49  3.988145E-16
3836.56  4.257751E-16
3837.63  4.773229E-16
3838.7  4.926132E-16
3839.77  4.672928E-16
3840.84  4.777936E-16
3841.91  4.787241E-16
3842.98  4.767110E-16
3844.05  4.748389E-16
3845.12  4.915037E-16
3846.19  5.037522E-16
3847.26  4.718385E-16
3848.33  4.838426E-16
3849.4  4.588910E-16
3850.47  4.669551E-16
3851.54  4.637137E-16
3852.61  4.207449E-16
3853.68  4.408635E-16
3854.75  4.521316E-16
3855.82  4.919069E-16
3856.89  4.758594E-16
3857.96  4.552292E-16
3859.03  4.691961E-16
3860.1  4.803127E-16
3861.17  4.787898E-16
3862.24  4.815535E-16
3863.31  4.956553E-16
3864.38  4.930510E-16
3865.45  4.719783E-16
3866.52  4.494375E-16
3867.59  4.444307E-16
3868.66  4.405092E-16
3869.73  4.461294E-16
3870.8  4.574756E-16
3871.87  4.347110E-16
3872.94  4.180553E-16
3874.01  3.730133E-16
3875.08  4.129815E-16
3876.15  4.286896E-16
3877.22  3.779925E-16
3878.29  3.760154E-16
3879.36  4.032934E-16
3880.43  4.133054E-16
3881.5  3.827861E-16
3882.57  3.923062E-16
3883.64  4.136277E-16
3884.71  3.924594E-16
3885.78  3.770027E-16
3886.85  3.645223E-16
3887.92  3.544962E-16
3888.99  3.609313E-16
3890.06  3.612050E-16
3891.13  3.371752E-16
3892.2  3.647971E-16
3893.27  3.747412E-16
3894.34  3.873655E-16
3895.41  4.000296E-16
3896.48  4.086179E-16
3897.55  4.166537E-16
3898.62  4.249754E-16
3899.69  4.096929E-16
3900.76  4.299140E-16
3901.83  4.026263E-16
3902.9  3.967007E-16
3903.97  4.192331E-16
3905.04  4.330301E-16
3906.11  4.157665E-16
3907.18  4.981022E-16
3908.25  5.326922E-16
3909.32  5.086038E-16
3910.39  5.226304E-16
3911.46  5.054711E-16
3912.53  4.946526E-16
3913.6  4.972822E-16
3914.67  5.029784E-16
3915.74  5.200122E-16
3916.81  5.246478E-16
3917.88  5.319850E-16
3918.95  5.381941E-16
3920.02  5.413137E-16
3921.09  5.393229E-16
3922.16  5.005151E-16
3923.23  4.808480E-16
3924.3  5.141464E-16
3925.37  5.359218E-16
3926.44  5.418241E-16
3927.51  5.452235E-16
3928.58  5.188196E-16
3929.65  4.885578E-16
3930.72  4.716616E-16
3931.79  4.771121E-16
3932.86  5.023657E-16
3933.93  4.821218E-16
3935.  4.700985E-16
3936.07  4.634342E-16
3937.14  5.154179E-16
3938.21  5.059678E-16
3939.28  4.946736E-16
3940.35  4.967072E-16
3941.42  4.818829E-16
3942.49  4.853118E-16
3943.56  5.031025E-16
3944.63  4.855505E-16
3945.7  4.628332E-16
3946.77  4.269510E-16
3947.84  4.542409E-16
3948.91  4.878911E-16
3949.98  4.759158E-16
3951.05  4.629260E-16
3952.12  4.718417E-16
3953.19  4.593676E-16
3954.26  4.571299E-16
3955.33  4.381585E-16
3956.4  4.283135E-16
3957.47  4.304520E-16
3958.54  4.193331E-16
3959.61  4.218976E-16
3960.68  3.974039E-16
3961.75  3.653496E-16
3962.82  3.807000E-16
3963.89  3.449847E-16
3964.96  3.060413E-16
3966.03  3.334840E-16
3967.1  3.282240E-16
3968.17  2.949553E-16
3969.24  3.010699E-16
3970.31  3.271685E-16
3971.38  3.281159E-16
3972.45  3.131040E-16
3973.52  3.107454E-16
3974.59  3.132221E-16
3975.66  3.187255E-16
3976.73  3.966115E-16
3977.8  3.839784E-16
3978.87  3.872957E-16
3979.94  4.488698E-16
3981.01  4.338639E-16
3982.08  4.434788E-16
3983.15  4.526771E-16
3984.22  4.550194E-16
3985.29  4.359292E-16
3986.36  4.599468E-16
3987.43  5.098387E-16
3988.5  4.798077E-16
3989.57  4.774046E-16
3990.64  4.320830E-16
3991.71  4.700061E-16
3992.78  4.774573E-16
3993.85  4.756244E-16
3994.92  4.753000E-16
3995.99  5.388897E-16
3997.06  5.046087E-16
3998.13  5.159623E-16
3999.2  5.176426E-16
4000.27  5.036192E-16
4001.34  5.069252E-16
4002.41  5.040722E-16
4003.48  4.822783E-16
4004.55  4.776762E-16
4005.62  4.885786E-16
4006.69  5.386796E-16
4007.76  4.720469E-16
4008.83  4.463440E-16
4009.9  5.292004E-16
4010.97  5.121902E-16
4012.04  5.299635E-16
4013.11  5.477963E-16
4014.18  5.648476E-16
4015.25  5.259579E-16
4016.32  5.135483E-16
4017.39  5.552854E-16
4018.46  5.503944E-16
4019.53  5.191136E-16
4020.6  5.220472E-16
4021.67  4.681444E-16
4022.74  5.354580E-16
4023.81  5.230640E-16
4024.88  5.820051E-16
4025.95  5.413445E-16
4027.02  5.569713E-16
4028.09  5.246054E-16
4029.16  5.247918E-16
4030.23  5.265161E-16
4031.3  5.208444E-16
4032.37  5.734427E-16
4033.44  5.587707E-16
4034.51  5.509315E-16
4035.58  5.607090E-16
4036.65  5.501471E-16
4037.72  5.424080E-16
4038.79  5.167394E-16
4039.86  5.634130E-16
4040.93  5.918143E-16
4042.  5.364872E-16
4043.07  5.195480E-16
4044.14  5.491365E-16
4045.21  5.054247E-16
4046.28  5.401183E-16
4047.35  5.154394E-16
4048.42  5.429940E-16
4049.49  5.555878E-16
4050.56  5.118224E-16
4051.63  5.321430E-16
4052.7  5.156244E-16
4053.77  5.314628E-16
4054.84  5.417552E-16
4055.91  5.448761E-16
4056.98  5.344481E-16
4058.05  5.149559E-16
4059.12  5.177865E-16
4060.19  4.905951E-16
4061.26  4.743685E-16
4062.33  4.794772E-16
4063.4  4.752745E-16
4064.47  5.006071E-16
4065.54  5.342433E-16
4066.61  4.965225E-16
4067.68  4.792333E-16
4068.75  5.052538E-16
4069.82  5.124771E-16
4070.89  4.628190E-16
4071.96  4.583380E-16
4073.03  4.643352E-16
4074.1  4.678574E-16
4075.17  4.944292E-16
4076.24  4.533460E-16
4077.31  4.364261E-16
4078.38  4.360453E-16
4079.45  4.489296E-16
4080.52  4.606366E-16
4081.59  4.433625E-16
4082.66  4.417920E-16
4083.73  4.658082E-16
4084.8  4.392017E-16
4085.87  4.070455E-16
4086.94  3.940795E-16
4088.01  3.716993E-16
4089.08  3.761910E-16
4090.15  3.924528E-16
4091.22  3.823618E-16
4092.29  3.664703E-16
4093.36  3.650950E-16
4094.43  3.582156E-16
4095.5  3.384538E-16
4096.57  3.281967E-16
4097.64  2.937517E-16
4098.71  2.821542E-16
4099.78  2.802290E-16
4100.85  2.459453E-16
4101.92  2.421346E-16
4102.99  2.780470E-16
4104.06  2.778674E-16
4105.13  2.831261E-16
4106.2  3.265363E-16
4107.27  3.172764E-16
4108.34  3.361793E-16
4109.41  3.531595E-16
4110.48  3.208928E-16
4111.55  3.258306E-16
4112.62  3.561615E-16
4113.69  3.757150E-16
4114.76  3.805259E-16
4115.83  3.846106E-16
4116.9  3.758739E-16
4117.97  3.814197E-16
4119.04  4.163727E-16
4120.11  4.106336E-16
4121.18  3.944137E-16
4122.25  3.968795E-16
4123.32  4.400014E-16
4124.39  4.091457E-16
4125.46  3.988734E-16
4126.53  4.197741E-16
4127.6  4.279576E-16
4128.67  4.433255E-16
4129.74  4.528081E-16
4130.81  4.378092E-16
4131.88  4.308209E-16
4132.95  4.318606E-16
4134.02  4.642992E-16
4135.09  4.913143E-16
4136.16  4.589678E-16
4137.23  4.435629E-16
4138.3  4.565732E-16
4139.37  4.508791E-16
4140.44  4.668455E-16
4141.51  4.767822E-16
4142.58  4.646855E-16
4143.65  4.767835E-16
4144.72  4.850488E-16
4145.79  4.758290E-16
4146.86  4.698830E-16
4147.93  4.744848E-16
4149.  4.894170E-16
4150.07  4.904762E-16
4151.14  4.575460E-16
4152.21  4.782306E-16
4153.28  5.180861E-16
4154.35  5.133277E-16
4155.42  5.145111E-16
4156.49  5.157060E-16
4157.56  5.027646E-16
4158.63  5.012075E-16
4159.7  5.358038E-16
4160.77  5.272468E-16
4161.84  5.061195E-16
4162.91  5.146513E-16
4163.98  5.445691E-16
4165.05  5.764950E-16
4166.12  5.170681E-16
4167.19  5.165153E-16
4168.26  4.882614E-16
4169.33  4.954217E-16
4170.4  5.195821E-16
4171.47  4.998383E-16
4172.54  4.805237E-16
4173.61  4.778783E-16
4174.68  4.655553E-16
4175.75  5.251281E-16
4176.82  5.401147E-16
4177.89  4.663789E-16
4178.96  4.905817E-16
4180.03  5.581399E-16
4181.1  4.858659E-16
4182.17  5.226947E-16
4183.24  5.424939E-16
4184.31  5.339078E-16
4185.38  5.153775E-16
4186.45  4.924918E-16
4187.52  4.828021E-16
4188.59  5.069464E-16
4189.66  5.352537E-16
4190.73  5.606855E-16
4191.8  5.380419E-16
4192.87  4.925277E-16
4193.94  4.634621E-16
4195.01  5.234270E-16
4196.08  5.388336E-16
4197.15  5.306338E-16
4198.22  5.274270E-16
4199.29  5.243193E-16
4200.36  4.904588E-16
4201.43  4.946678E-16
4202.5  4.958113E-16
4203.57  5.198853E-16
4204.64  5.299060E-16
4205.71  5.270657E-16
4206.78  5.300967E-16
4207.85  5.024966E-16
4208.92  4.991497E-16
4209.99  5.220316E-16
4211.06  5.426224E-16
4212.13  5.260106E-16
4213.2  4.901708E-16
4214.27  4.876417E-16
4215.34  5.444361E-16
4216.41  5.563329E-16
4217.48  5.196436E-16
4218.55  5.277071E-16
4219.62  5.200974E-16
4220.69  5.356637E-16
4221.76  5.453786E-16
4222.83  5.275334E-16
4223.9  5.444044E-16
4224.97  5.545527E-16
4226.04  5.388001E-16
4227.11  5.338306E-16
4228.18  5.232270E-16
4229.25  5.104408E-16
4230.32  5.091687E-16
4231.39  4.902143E-16
4232.46  4.828111E-16
4233.53  4.764847E-16
4234.6  4.583527E-16
4235.67  4.635329E-16
4236.74  4.903365E-16
4237.81  4.966767E-16
4238.88  4.883942E-16
4239.95  4.722616E-16
4241.02  4.968422E-16
4242.09  5.026456E-16
4243.16  5.100841E-16
4244.23  4.704279E-16
4245.3  4.390400E-16
4246.37  4.513643E-16
4247.44  4.578373E-16
4248.51  4.994132E-16
4249.58  4.775153E-16
4250.65  4.641982E-16
4251.72  4.640157E-16
4252.79  4.495343E-16
4253.86  4.789283E-16
4254.93  5.090917E-16
4256.  5.040201E-16
4257.07  4.757398E-16
4258.14  4.623283E-16
4259.21  4.338244E-16
4260.28  4.143583E-16
4261.35  4.411863E-16
4262.42  4.762232E-16
4263.49  4.618343E-16
4264.56  4.102831E-16
4265.63  4.266567E-16
4266.7  4.653106E-16
4267.77  4.595260E-16
4268.84  4.289921E-16
4269.91  4.611498E-16
4270.98  4.637907E-16
4272.05  4.440875E-16
4273.12  4.607278E-16
4274.19  4.617541E-16
4275.26  4.799126E-16
4276.33  4.885144E-16
4277.4  4.314117E-16
4278.47  4.156710E-16
4279.54  4.246980E-16
4280.61  4.135526E-16
4281.68  4.403713E-16
4282.75  4.610499E-16
4283.82  4.512020E-16
4284.89  4.403502E-16
4285.96  4.446055E-16
4287.03  4.599134E-16
4288.1  4.727353E-16
4289.17  4.632953E-16
4290.24  4.190425E-16
4291.31  3.852411E-16
4292.38  3.970999E-16
4293.45  4.241810E-16
4294.52  4.208719E-16
4295.59  4.437841E-16
4296.66  4.267889E-16
4297.73  4.079394E-16
4298.8  4.205891E-16
4299.87  3.976222E-16
4300.94  4.134429E-16
4302.01  4.161810E-16
4303.08  4.269494E-16
4304.15  4.217751E-16
4305.22  3.845004E-16
4306.29  3.839311E-16
4307.36  4.028263E-16
4308.43  3.819633E-16
4309.5  3.620929E-16
4310.57  3.751770E-16
4311.64  3.638445E-16
4312.71  3.871923E-16
4313.78  4.255494E-16
4314.85  4.142495E-16
4315.92  4.064452E-16
4316.99  3.796286E-16
4318.06  3.576001E-16
4319.13  3.537589E-16
4320.2  3.778000E-16
4321.27  3.787045E-16
4322.34  3.432998E-16
4323.41  3.448870E-16
4324.48  3.620952E-16
4325.55  3.469944E-16
4326.62  3.216294E-16
4327.69  3.224876E-16
4328.76  2.983574E-16
4329.83  3.081679E-16
4330.9  2.846361E-16
4331.97  2.953481E-16
4333.04  2.852834E-16
4334.11  2.484483E-16
4335.18  2.346471E-16
4336.25  2.425493E-16
4337.32  2.395149E-16
4338.39  2.147241E-16
4339.46  2.335929E-16
4340.53  2.507606E-16
4341.6  2.650283E-16
4342.67  2.821831E-16
4343.74  2.829167E-16
4344.81  2.835264E-16
4345.88  2.786609E-16
4346.95  2.727253E-16
4348.02  2.915378E-16
4349.09  3.161549E-16
4350.16  3.135687E-16
4351.23  3.183651E-16
4352.3  3.371558E-16
4353.37  3.508600E-16
4354.44  3.468311E-16
4355.51  3.272994E-16
4356.58  3.389464E-16
4357.65  3.452090E-16
4358.72  3.666750E-16
4359.79  3.899980E-16
4360.86  3.485266E-16
4361.93  3.474645E-16
4363.  3.616047E-16
4364.07  3.662871E-16
4365.14  3.507308E-16
4366.21  3.610497E-16
4367.28  3.744615E-16
4368.35  3.747662E-16
4369.42  4.002727E-16
4370.49  4.260892E-16
4371.56  3.945561E-16
4372.63  3.899516E-16
4373.7  3.693109E-16
4374.77  3.825272E-16
4375.84  3.568777E-16
4376.91  3.869534E-16
4377.98  4.014829E-16
4379.05  3.777291E-16
4380.12  4.037371E-16
4381.19  4.157840E-16
4382.26  4.047187E-16
4383.33  4.084143E-16
4384.4  3.808671E-16
4385.47  4.081668E-16
4386.54  4.075378E-16
4387.61  4.055274E-16
4388.68  4.112930E-16
4389.75  3.834594E-16
4390.82  3.939934E-16
4391.89  4.052054E-16
4392.96  3.938352E-16
4394.03  4.473167E-16
4395.1  4.222058E-16
4396.17  3.855749E-16
4397.24  3.951619E-16
4398.31  4.023791E-16
4399.38  4.215227E-16
4400.45  4.006116E-16
4401.52  4.030041E-16
4402.59  3.996244E-16
4403.66  4.271200E-16
4404.73  4.385498E-16
4405.8  4.034538E-16
4406.87  3.938161E-16
4407.94  4.428710E-16
4409.01  4.489421E-16
4410.08  4.055280E-16
4411.15  3.963042E-16
4412.22  4.385097E-16
4413.29  4.656350E-16
4414.36  4.437345E-16
4415.43  4.231750E-16
4416.5  4.079145E-16
4417.57  4.116431E-16
4418.64  4.219298E-16
4419.71  4.407726E-16
4420.78  4.355509E-16
4421.85  4.136610E-16
4422.92  4.320665E-16
4423.99  4.043450E-16
4425.06  4.185489E-16
4426.13  4.563805E-16
4427.2  4.543673E-16
4428.27  3.894143E-16
4429.34  3.974150E-16
4430.41  4.158883E-16
4431.48  4.248959E-16
4432.55  4.344817E-16
4433.62  4.027418E-16
4434.69  4.012942E-16
4435.76  4.296171E-16
4436.83  4.158849E-16
4437.9  4.398980E-16
4438.97  4.259253E-16
4440.04  4.247900E-16
4441.11  3.838408E-16
4442.18  3.948754E-16
4443.25  4.418754E-16
4444.32  4.249065E-16
4445.39  4.176399E-16
4446.46  4.333003E-16
4447.53  3.949795E-16
4448.6  3.925616E-16
4449.67  4.249954E-16
4450.74  4.284024E-16
4451.81  4.356253E-16
4452.88  4.509527E-16
4453.95  4.344258E-16
4455.02  4.409112E-16
4456.09  4.559451E-16
4457.16  4.386622E-16
4458.23  4.036512E-16
4459.3  4.172391E-16
4460.37  4.510237E-16
4461.44  4.247887E-16
4462.51  4.290065E-16
4463.58  4.433476E-16
4464.65  4.256698E-16
4465.72  4.040738E-16
4466.79  4.100785E-16
4467.86  4.234682E-16
4468.93  4.129281E-16
4470.  4.027814E-16
4471.07  3.832430E-16
4472.14  3.672926E-16
4473.21  3.794189E-16
4474.28  3.834288E-16
4475.35  4.032972E-16
4476.42  4.225384E-16
4477.49  3.908093E-16
4478.56  3.906023E-16
4479.63  4.327141E-16
4480.7  4.403723E-16
4481.77  4.182016E-16
4482.84  4.182531E-16
4483.91  4.409567E-16
4484.98  4.285440E-16
4486.05  4.168464E-16
4487.12  4.025380E-16
4488.19  3.895316E-16
4489.26  4.188999E-16
4490.33  4.205184E-16
4491.4  3.933928E-16
4492.47  4.213742E-16
4493.54  4.422732E-16
4494.61  4.415239E-16
4495.68  4.269171E-16
4496.75  4.138095E-16
4497.82  4.071959E-16
4498.89  4.309091E-16
4499.96  4.024487E-16
4501.03  4.043278E-16
4502.1  3.989838E-16
4503.17  4.365195E-16
4504.24  3.783605E-16
4505.31  3.889249E-16
4506.38  4.117824E-16
4507.45  3.992757E-16
4508.52  3.518111E-16
4509.59  3.792425E-16
4510.66  3.914022E-16
4511.73  4.433967E-16
4512.8  4.269373E-16
4513.87  3.739662E-16
4514.94  4.101533E-16
4516.01  4.360136E-16
4517.08  4.227890E-16
4518.15  3.779350E-16
4519.22  3.939237E-16
4520.29  4.196766E-16
4521.36  4.073559E-16
4522.43  4.345848E-16
4523.5  4.224507E-16
4524.57  4.218291E-16
4525.64  3.945488E-16
4526.71  4.098615E-16
4527.78  4.118956E-16
4528.85  3.958668E-16
4529.92  3.931488E-16
4530.99  3.832198E-16
4532.06  4.042785E-16
4533.13  4.029361E-16
4534.2  3.948888E-16
4535.27  4.051501E-16
4536.34  3.923906E-16
4537.41  4.036403E-16
4538.48  4.129469E-16
4539.55  3.867002E-16
4540.62  4.033749E-16
4541.69  4.362643E-16
4542.76  4.312488E-16
4543.83  4.173221E-16
4544.9  3.876200E-16
4545.97  3.748926E-16
4547.04  4.145576E-16
4548.11  4.335849E-16
4549.18  3.884265E-16
4550.25  3.650322E-16
4551.32  3.883343E-16
4552.39  4.033904E-16
4553.46  3.967064E-16
4554.53  3.833480E-16
4555.6  3.743981E-16
4556.67  3.764231E-16
4557.74  4.100928E-16
4558.81  3.957464E-16
4559.88  4.110353E-16
4560.95  4.324627E-16
4562.02  4.140873E-16
4563.09  3.923946E-16
4564.16  3.808679E-16
4565.23  3.862060E-16
4566.3  4.110398E-16
4567.37  4.229710E-16
4568.44  3.987960E-16
4569.51  3.660893E-16
4570.58  3.833405E-16
4571.65  3.557275E-16
4572.72  3.496422E-16
4573.79  3.665526E-16
4574.86  3.501333E-16
4575.93  3.616682E-16
4577.  3.473043E-16
4578.07  4.076761E-16
4579.14  3.998302E-16
4580.21  3.962845E-16
4581.28  3.863210E-16
4582.35  4.023333E-16
4583.42  3.795763E-16
4584.49  3.691378E-16
4585.56  3.922429E-16
4586.63  3.725033E-16
4587.7  3.503729E-16
4588.77  3.795923E-16
4589.84  3.935622E-16
4590.91  3.869166E-16
4591.98  4.122869E-16
4593.05  3.939093E-16
4594.12  3.603441E-16
4595.19  3.655182E-16
4596.26  3.700829E-16
4597.33  3.704012E-16
4598.4  3.673752E-16
4599.47  3.590810E-16
4600.54  3.584445E-16
4601.61  4.021764E-16
4602.68  4.153986E-16
4603.75  3.905673E-16
4604.82  3.870634E-16
4605.89  3.714311E-16
4606.96  3.727732E-16
4608.03  3.498502E-16
4609.1  3.810112E-16
4610.17  3.964563E-16
4611.24  3.723323E-16
4612.31  3.772924E-16
4613.38  3.751113E-16
4614.45  3.741006E-16
4615.52  3.675087E-16
4616.59  3.698213E-16
4617.66  3.724193E-16
4618.73  3.489758E-16
4619.8  3.654852E-16
4620.87  4.184537E-16
4621.94  3.798994E-16
4623.01  3.697134E-16
4624.08  3.875060E-16
4625.15  3.794157E-16
4626.22  3.922988E-16
4627.29  3.794190E-16
4628.36  3.640803E-16
4629.43  4.061964E-16
4630.5  4.079575E-16
4631.57  3.800732E-16
4632.64  3.771513E-16
4633.71  3.653593E-16
4634.78  3.825110E-16
4635.85  4.044521E-16
4636.92  3.813783E-16
4637.99  3.720107E-16
4639.06  3.562378E-16
4640.13  3.423244E-16
4641.2  3.825625E-16
4642.27  3.803288E-16
4643.34  3.594451E-16
4644.41  3.549280E-16
4645.48  3.814466E-16
4646.55  3.840714E-16
4647.62  3.422974E-16
4648.69  3.584862E-16
4649.76  3.668925E-16
4650.83  3.721538E-16
4651.9  3.986319E-16
4652.97  3.864171E-16
4654.04  3.752932E-16
4655.11  3.672312E-16
4656.18  3.565420E-16
4657.25  3.786685E-16
4658.32  3.836112E-16
4659.39  3.732910E-16
4660.46  3.815726E-16
4661.53  3.437505E-16
4662.6  3.326194E-16
4663.67  3.570036E-16
4664.74  3.383084E-16
4665.81  3.523445E-16
4666.88  3.671375E-16
4667.95  3.858501E-16
4669.02  3.622468E-16
4670.09  3.617747E-16
4671.16  3.593729E-16
4672.23  3.380450E-16
4673.3  3.254395E-16
4674.37  3.509601E-16
4675.44  3.506136E-16
4676.51  3.630122E-16
4677.58  3.668425E-16
4678.65  3.701411E-16
4679.72  3.393343E-16
4680.79  3.369334E-16
4681.86  3.162847E-16
4682.93  3.460386E-16
4684.  3.178194E-16
4685.07  3.210167E-16
4686.14  3.384350E-16
4687.21  3.465709E-16
4688.28  3.517445E-16
4689.35  3.199037E-16
4690.42  3.400821E-16
4691.49  3.360845E-16
4692.56  3.313209E-16
4693.63  3.473804E-16
4694.7  3.693201E-16
4695.77  3.534795E-16
4696.84  3.840211E-16
4697.91  3.738207E-16
4698.98  3.606146E-16
4700.05  3.445147E-16
4701.12  3.585636E-16
4702.19  3.296102E-16
4703.26  3.401613E-16
4704.33  3.654467E-16
4705.4  3.499377E-16
4706.47  3.140399E-16
4707.54  3.160158E-16
4708.61  3.219710E-16
4709.68  3.496040E-16
4710.75  3.671192E-16
4711.82  3.363149E-16
4712.89  3.421666E-16
4713.96  3.521734E-16
4715.03  3.617732E-16
4716.1  3.975375E-16
4717.17  3.745321E-16
4718.24  3.210506E-16
4719.31  3.235431E-16
4720.38  3.643413E-16
4721.45  3.568294E-16
4722.52  3.207906E-16
4723.59  3.556879E-16
4724.66  3.651039E-16
4725.73  3.544745E-16
4726.8  3.599293E-16
4727.87  3.139740E-16
4728.94  3.298853E-16
4730.01  3.487388E-16
4731.08  3.250988E-16
4732.15  3.542143E-16
4733.22  3.896369E-16
4734.29  3.584430E-16
4735.36  3.637435E-16
4736.43  3.608730E-16
4737.5  3.587815E-16
4738.57  3.899734E-16
4739.64  3.802353E-16
4740.71  3.625745E-16
4741.78  3.626846E-16
4742.85  3.656777E-16
4743.92  3.720249E-16
4744.99  3.712363E-16
4746.06  3.498730E-16
4747.13  3.464240E-16
4748.2  3.876683E-16
4749.27  3.377290E-16
4750.34  3.323697E-16
4751.41  3.527336E-16
4752.48  3.683349E-16
4753.55  3.945747E-16
4754.62  3.640798E-16
4755.69  3.474807E-16
4756.76  3.212141E-16
4757.83  3.277121E-16
4758.9  3.713645E-16
4759.97  3.718114E-16
4761.04  3.757208E-16
4762.11  3.417812E-16
4763.18  3.445353E-16
4764.25  3.525293E-16
4765.32  3.265900E-16
4766.39  3.583883E-16
4767.46  3.708679E-16
4768.53  3.551475E-16
4769.6  3.494161E-16
4770.67  3.441062E-16
4771.74  3.524293E-16
4772.81  3.548770E-16
4773.88  3.526060E-16
4774.95  3.570613E-16
4776.02  3.665971E-16
4777.09  3.617197E-16
4778.16  3.372259E-16
4779.23  3.357129E-16
4780.3  3.301880E-16
4781.37  3.196148E-16
4782.44  3.298869E-16
4783.51  3.308351E-16
4784.58  3.496738E-16
4785.65  3.484130E-16
4786.72  3.232276E-16
4787.79  3.109272E-16
4788.86  3.257306E-16
4789.93  3.464960E-16
4791.  3.417035E-16
4792.07  3.606127E-16
4793.14  3.254216E-16
4794.21  3.343664E-16
4795.28  3.345812E-16
4796.35  3.128526E-16
4797.42  3.417341E-16
4798.49  3.578672E-16
4799.56  3.386494E-16
4800.63  3.110968E-16
4801.7  3.194939E-16
4802.77  3.219966E-16
4803.84  3.133268E-16
4804.91  3.090517E-16
4805.98  2.908158E-16
4807.05  3.241578E-16
4808.12  3.556843E-16
4809.19  3.453156E-16
4810.26  3.091590E-16
4811.33  2.891582E-16
4812.4  2.981709E-16
4813.47  2.958186E-16
4814.54  2.935997E-16
4815.61  3.042821E-16
4816.68  3.299548E-16
4817.75  3.318565E-16
4818.82  3.085681E-16
4819.89  3.218417E-16
4820.96  3.362660E-16
4822.03  3.433346E-16
4823.1  3.260946E-16
4824.17  3.029679E-16
4825.24  2.918037E-16
4826.31  2.828755E-16
4827.38  2.930498E-16
4828.45  2.989855E-16
4829.52  2.916953E-16
4830.59  3.017769E-16
4831.66  3.036268E-16
4832.73  3.076287E-16
4833.8  3.037355E-16
4834.87  2.998918E-16
4835.94  2.863987E-16
4837.01  2.599880E-16
4838.08  2.707739E-16
4839.15  2.899605E-16
4840.22  2.884320E-16
4841.29  2.657334E-16
4842.36  2.695905E-16
4843.43  2.829012E-16
4844.5  2.502248E-16
4845.57  2.374503E-16
4846.64  2.242948E-16
4847.71  2.166301E-16
4848.78  2.478167E-16
4849.85  2.375580E-16
4850.92  2.128535E-16
4851.99  2.238743E-16
4853.06  2.259580E-16
4854.13  1.841650E-16
4855.2  2.087380E-16
4856.27  1.992360E-16
4857.34  1.830404E-16
4858.41  1.673093E-16
4859.48  1.369500E-16
4860.55  1.498649E-16
4861.62  1.824188E-16
4862.69  1.930508E-16
4863.76  1.921240E-16
4864.83  1.938978E-16
4865.9  1.962320E-16
4866.97  2.210658E-16
4868.04  2.153983E-16
4869.11  2.332091E-16
4870.18  2.108619E-16
4871.25  2.306220E-16
4872.32  2.374403E-16
4873.39  2.328707E-16
4874.46  2.365667E-16
4875.53  2.531917E-16
4876.6  2.446114E-16
4877.67  2.356289E-16
4878.74  2.375455E-16
4879.81  2.303678E-16
4880.88  2.280106E-16
4881.95  2.386387E-16
4883.02  2.626075E-16
4884.09  2.653084E-16
4885.16  2.674223E-16
4886.23  2.765875E-16
4887.3  2.600313E-16
4888.37  2.578823E-16
4889.44  2.770373E-16
4890.51  2.630054E-16
4891.58  2.597419E-16
4892.65  2.777946E-16
4893.72  2.821500E-16
4894.79  2.855305E-16
4895.86  2.779834E-16
4896.93  2.742002E-16
4898.  2.991716E-16
4899.07  3.034770E-16
4900.14  2.869442E-16
4901.21  2.662691E-16
4902.28  2.698520E-16
4903.35  2.984264E-16
4904.42  2.792598E-16
4905.49  2.783086E-16
4906.56  2.842493E-16
4907.63  2.668912E-16
4908.7  2.881311E-16
4909.77  2.908157E-16
4910.84  2.793702E-16
4911.91  2.715510E-16
4912.98  3.010763E-16
4914.05  2.932625E-16
4915.12  2.937529E-16
4916.19  2.914643E-16
4917.26  2.888105E-16
4918.33  2.921111E-16
4919.4  3.053328E-16
4920.47  3.099218E-16
4921.54  2.978036E-16
4922.61  2.921611E-16
4923.68  3.157235E-16
4924.75  3.216473E-16
4925.82  2.840368E-16
4926.89  3.006421E-16
4927.96  3.101022E-16
4929.03  3.062364E-16
4930.1  3.265264E-16
4931.17  3.101727E-16
4932.24  2.817747E-16
4933.31  3.151822E-16
4934.38  3.099043E-16
4935.45  2.793101E-16
4936.52  2.562726E-16
4937.59  2.817422E-16
4938.66  3.450040E-16
4939.73  3.544611E-16
4940.8  3.033988E-16
4941.87  3.131195E-16
4942.94  2.958542E-16
4944.01  2.634137E-16
4945.08  2.825157E-16
4946.15  2.928318E-16
4947.22  3.008742E-16
4948.29  2.950972E-16
4949.36  2.920553E-16
4950.43  3.090622E-16
4951.5  2.874846E-16
4952.57  2.878278E-16
4953.64  3.000380E-16
4954.71  2.868481E-16
4955.78  2.928366E-16
4956.85  2.873609E-16
4957.92  2.926464E-16
4958.99  2.933893E-16
4960.06  2.757612E-16
4961.13  2.892038E-16
4962.2  2.856471E-16
4963.27  2.724455E-16
4964.34  2.838282E-16
4965.41  3.008291E-16
4966.48  2.934238E-16
4967.55  2.728212E-16
4968.62  2.788192E-16
4969.69  2.721084E-16
4970.76  2.730534E-16
4971.83  2.912727E-16
4972.9  3.011682E-16
4973.97  3.036942E-16
4975.04  2.972639E-16
4976.11  3.019590E-16
4977.18  2.785549E-16
4978.25  2.958540E-16
4979.32  3.065389E-16
4980.39  2.790060E-16
4981.46  2.924052E-16
4982.53  3.047939E-16
4983.6  2.815148E-16
4984.67  2.869406E-16
4985.74  2.843475E-16
4986.81  3.025972E-16
4987.88  2.900045E-16
4988.95  2.778264E-16
4990.02  2.667652E-16
4991.09  2.892221E-16
4992.16  3.105789E-16
4993.23  2.962132E-16
4994.3  2.946257E-16
4995.37  3.031299E-16
4996.44  3.079657E-16
4997.51  2.913420E-16
4998.58  2.725949E-16
4999.65  2.788650E-16
5000.72  3.034027E-16
5001.79  3.020053E-16
5002.86  2.597175E-16
5003.93  2.555709E-16
5005.  2.914394E-16
5006.07  2.889050E-16
5007.14  2.873402E-16
5008.21  3.093708E-16
5009.28  3.065663E-16
5010.35  3.119747E-16
5011.42  3.060788E-16
5012.49  3.024444E-16
5013.56  2.818140E-16
5014.63  3.154200E-16
5015.7  3.196925E-16
5016.77  2.925319E-16
5017.84  2.935010E-16
5018.91  3.061422E-16
5019.98  3.062921E-16
5021.05  3.139404E-16
5022.12  2.938352E-16
5023.19  2.800502E-16
5024.26  2.898457E-16
5025.33  3.044547E-16
5026.4  2.916476E-16
5027.47  2.642338E-16
5028.54  2.698049E-16
5029.61  2.972572E-16
5030.68  3.022282E-16
5031.75  2.806116E-16
5032.82  2.546842E-16
5033.89  2.513491E-16
5034.96  2.895863E-16
5036.03  3.161706E-16
5037.1  2.999844E-16
5038.17  2.714366E-16
5039.24  2.788076E-16
5040.31  2.785753E-16
5041.38  2.584900E-16
5042.45  2.925055E-16
5043.52  2.879393E-16
5044.59  2.887802E-16
5045.66  2.836585E-16
5046.73  2.690973E-16
5047.8  2.748944E-16
5048.87  2.761383E-16
5049.94  3.160577E-16
5051.01  3.226718E-16
5052.08  3.048100E-16
5053.15  2.439251E-16
5054.22  2.427334E-16
5055.29  2.614792E-16
5056.36  2.786494E-16
5057.43  2.697060E-16
5058.5  2.778783E-16
5059.57  2.726764E-16
5060.64  2.658028E-16
5061.71  2.870810E-16
5062.78  2.853230E-16
5063.85  2.879098E-16
5064.92  2.691200E-16
5065.99  2.664307E-16
5067.06  2.659453E-16
5068.13  2.670488E-16
5069.2  2.849861E-16
5070.27  2.804845E-16
5071.34  2.677169E-16
5072.41  2.876747E-16
5073.48  2.800355E-16
5074.55  2.753000E-16
5075.62  2.736900E-16
5076.69  2.772873E-16
5077.76  2.872098E-16
5078.83  2.810911E-16
5079.9  2.799265E-16
5080.97  2.626980E-16
5082.04  2.778951E-16
5083.11  2.808529E-16
5084.18  2.773581E-16
5085.25  2.560840E-16
5086.32  2.602205E-16
5087.39  2.771842E-16
5088.46  2.944527E-16
5089.53  2.622337E-16
5090.6  2.651102E-16
5091.67  2.725891E-16
5092.74  2.521788E-16
5093.81  2.713685E-16
5094.88  2.663687E-16
5095.95  2.765504E-16
5097.02  2.688487E-16
5098.09  2.673947E-16
5099.16  2.667066E-16
5100.23  2.567348E-16
5101.3  2.890786E-16
5102.37  3.001022E-16
5103.44  2.953729E-16
5104.51  3.001040E-16
5105.58  2.758061E-16
5106.65  2.760172E-16
5107.72  2.906401E-16
5108.79  2.734631E-16
5109.86  2.476811E-16
5110.93  2.423098E-16
5112.  2.778729E-16
5113.07  2.734995E-16
5114.14  2.482375E-16
5115.21  2.543697E-16
5116.28  2.805929E-16
5117.35  2.794692E-16
5118.42  2.566092E-16
5119.49  2.420215E-16
5120.56  2.702221E-16
5121.63  2.814358E-16
5122.7  2.650060E-16
5123.77  2.842961E-16
5124.84  2.946817E-16
5125.91  2.765588E-16
5126.98  2.726792E-16
5128.05  2.621822E-16
5129.12  2.392222E-16
5130.19  2.688177E-16
5131.26  2.912251E-16
5132.33  2.543484E-16
5133.4  2.545004E-16
5134.47  2.995740E-16
5135.54  2.864517E-16
5136.61  2.811816E-16
5137.68  2.641798E-16
5138.75  2.764633E-16
5139.82  2.934898E-16
5140.89  2.965684E-16
5141.96  2.817498E-16
5143.03  2.700839E-16
5144.1  2.788696E-16
5145.17  2.634886E-16
5146.24  2.630482E-16
5147.31  2.817394E-16
5148.38  2.653330E-16
5149.45  2.467822E-16
5150.52  2.637021E-16
5151.59  2.709475E-16
5152.66  2.586062E-16
5153.73  2.454212E-16
5154.8  2.680153E-16
5155.87  2.690590E-16
5156.94  2.647917E-16
5158.01  2.678809E-16
5159.08  2.696364E-16
5160.15  2.605578E-16
5161.22  2.843030E-16
5162.29  2.746205E-16
5163.36  2.669900E-16
5164.43  2.846001E-16
5165.5  2.875490E-16
5166.57  2.709265E-16
5167.64  2.556593E-16
5168.71  2.494177E-16
5169.78  2.463417E-16
5170.85  2.444351E-16
5171.92  2.703674E-16
5172.99  2.954587E-16
5174.06  2.889351E-16
5175.13  2.901504E-16
5176.2  2.956295E-16
5177.27  2.959802E-16
5178.34  2.581545E-16
5179.41  2.530072E-16
5180.48  2.542773E-16
5181.55  2.494688E-16
5182.62  2.793695E-16
5183.69  2.835100E-16
5184.76  3.028019E-16
5185.83  3.048885E-16
5186.9  2.701934E-16
5187.97  2.509478E-16
5189.04  2.537119E-16
5190.11  2.679483E-16
5191.18  2.534866E-16
5192.25  2.569705E-16
5193.32  2.823312E-16
5194.39  2.773225E-16
5195.46  2.741610E-16
5196.53  2.890229E-16
5197.6  2.791062E-16
5198.67  2.655320E-16
5199.74  2.579594E-16
5200.81  2.699385E-16
5201.88  2.836303E-16
5202.95  2.844170E-16
5204.02  2.737074E-16
5205.09  2.590697E-16
5206.16  2.584659E-16
5207.23  2.454900E-16
5208.3  2.530339E-16
5209.37  2.729611E-16
5210.44  2.685981E-16
5211.51  2.929539E-16
5212.58  2.760129E-16
5213.65  2.547311E-16
5214.72  2.445849E-16
5215.79  2.522455E-16
5216.86  2.378352E-16
5217.93  2.625340E-16
5219.  2.746132E-16
5220.07  2.770331E-16
5221.14  2.564913E-16
5222.21  2.586622E-16
5223.28  2.682132E-16
5224.35  2.481389E-16
5225.42  2.622101E-16
5226.49  2.505797E-16
5227.56  2.827022E-16
5228.63  2.719020E-16
5229.7  2.704794E-16
5230.77  2.777931E-16
5231.84  2.543455E-16
5232.91  2.630414E-16
5233.98  2.443817E-16
5235.05  2.305496E-16
5236.12  2.671963E-16
5237.19  2.666726E-16
5238.26  2.769819E-16
5239.33  2.865875E-16
5240.4  2.685119E-16
5241.47  2.376953E-16
5242.54  2.435829E-16
5243.61  2.494634E-16
5244.68  2.633433E-16
5245.75  2.469277E-16
5246.82  2.489691E-16
5247.89  2.606811E-16
5248.96  2.412887E-16
5250.03  2.380203E-16
5251.1  2.601872E-16
5252.17  2.511190E-16
5253.24  2.484145E-16
5254.31  2.731185E-16
5255.38  2.639165E-16
5256.45  2.401122E-16
5257.52  2.467211E-16
5258.59  2.586822E-16
5259.66  2.514723E-16
5260.73  2.431679E-16
5261.8  2.296851E-16
5262.87  2.497640E-16
5263.94  2.659051E-16
5265.01  2.611688E-16
5266.08  2.524151E-16
5267.15  2.576307E-16
5268.22  2.667244E-16
5269.29  2.485078E-16
5270.36  2.346182E-16
5271.43  2.400198E-16
5272.5  2.577328E-16
5273.57  2.763669E-16
5274.64  2.574921E-16
5275.71  2.391343E-16
5276.78  2.424113E-16
5277.85  2.486167E-16
5278.92  2.493913E-16
5279.99  2.314201E-16
5281.06  2.363250E-16
5282.13  2.418416E-16
5283.2  2.479476E-16
5284.27  2.435085E-16
5285.34  2.515165E-16
5286.41  2.572916E-16
5287.48  2.285522E-16
5288.55  2.297384E-16
5289.62  2.539670E-16
5290.69  2.572421E-16
5291.76  2.311646E-16
5292.83  2.207687E-16
5293.9  2.420009E-16
5294.97  2.857875E-16
5296.04  2.974644E-16
5297.11  2.524692E-16
5298.18  2.604201E-16
5299.25  2.422393E-16
5300.32  2.154469E-16
5301.39  2.397449E-16
5302.46  2.688681E-16
5303.53  2.536630E-16
5304.6  2.722286E-16
5305.67  2.724451E-16
5306.74  2.666464E-16
5307.81  2.646790E-16
5308.88  2.503134E-16
5309.95  2.977902E-16
5311.02  2.993561E-16
5312.09  2.680559E-16
5313.16  2.651445E-16
5314.23  2.734595E-16
5315.3  2.519194E-16
5316.37  2.675151E-16
5317.44  2.482932E-16
5318.51  2.181460E-16
5319.58  2.510903E-16
5320.65  2.603520E-16
5321.72  2.674114E-16
5322.79  2.818422E-16
5323.86  2.489217E-16
5324.93  2.241041E-16
5326.  2.540794E-16
5327.07  2.890379E-16
5328.14  2.888996E-16
5329.21  2.584222E-16
5330.28  2.439758E-16
5331.35  2.438539E-16
5332.42  2.776093E-16
5333.49  2.974516E-16
5334.56  2.485502E-16
5335.63  2.587135E-16
5336.7  2.852399E-16
5337.77  2.413886E-16
5338.84  2.856191E-16
5339.91  2.979594E-16
5340.98  2.721551E-16
5342.05  2.781182E-16
5343.12  2.968355E-16
5344.19  2.738444E-16
5345.26  2.615509E-16
5346.33  2.608669E-16
5347.4  2.753181E-16
5348.47  2.877461E-16
5349.54  2.819233E-16
5350.61  2.854854E-16
5351.68  2.640205E-16
5352.75  2.441418E-16
5353.82  2.403884E-16
5354.89  2.489583E-16
5355.96  2.733350E-16
5357.03  2.454442E-16
5358.1  2.440980E-16
5359.17  2.781836E-16
5360.24  2.858578E-16
5361.31  2.800626E-16
5362.38  2.861219E-16
5363.45  2.704729E-16
5364.52  2.451438E-16
5365.59  2.479194E-16
5366.66  2.738697E-16
5367.73  2.663835E-16
5368.8  2.723462E-16
5369.87  2.562959E-16
5370.94  2.083629E-16
5372.01  2.252922E-16
5373.08  2.642309E-16
5374.15  2.641104E-16
5375.22  2.596828E-16
5376.29  2.434088E-16
5377.36  2.424019E-16
5378.43  2.676599E-16
5379.5  2.841289E-16
5380.57  2.713308E-16
5381.64  2.299455E-16
5382.71  2.258432E-16
5383.78  2.615005E-16
5384.85  2.764455E-16
5385.92  2.522905E-16
5386.99  2.438311E-16
5388.06  2.243989E-16
5389.13  2.056476E-16
5390.2  2.719716E-16
5391.27  2.849697E-16
5392.34  2.313423E-16
5393.41  2.243183E-16
5394.48  2.376467E-16
5395.55  2.407140E-16
5396.62  2.341164E-16
5397.69  2.553646E-16
5398.76  2.638936E-16
5399.83  2.668312E-16
5400.9  2.560140E-16
5401.97  2.221729E-16
5403.04  2.618684E-16
5404.11  2.669861E-16
5405.18  2.552687E-16
5406.25  2.649432E-16
5407.32  2.696697E-16
5408.39  2.768532E-16
5409.46  2.683213E-16
5410.53  2.531221E-16
5411.6  2.364090E-16
5412.67  2.257911E-16
5413.74  2.351479E-16
5414.81  2.505883E-16
5415.88  2.294825E-16
5416.95  2.359883E-16
5418.02  2.633182E-16
5419.09  2.683654E-16
5420.16  2.292459E-16
5421.23  1.642523E-16
5422.3  2.062212E-16
5423.37  2.940119E-16
5424.44  2.468861E-16
5425.51  2.067753E-16
5426.58  2.310530E-16
5427.65  2.546726E-16
5428.72  1.971075E-16
5429.79  2.125011E-16
5430.86  2.649003E-16
5431.93  2.140478E-16
5433.  1.943838E-16
5434.07  2.021945E-16
5435.14  1.949615E-16
5436.21  2.010230E-16
5437.28  2.552841E-16
5438.35  2.858875E-16
5439.42  2.548225E-16
5440.49  2.542446E-16
5441.56  2.936421E-16
5442.63  2.222505E-16
5443.7  2.360087E-16
5444.77  2.479779E-16
5445.84  2.331916E-16
5446.91  1.854908E-16
5447.98  1.956444E-16
5449.05  2.021311E-16
5450.12  1.664085E-16
5451.19  2.264186E-16
5452.26  2.016725E-16
5453.33  2.035786E-16
5454.4  2.351428E-16
5455.47  2.250640E-16
5456.54  2.251156E-16
5457.61  2.368143E-16
5458.68  2.505290E-16
5459.75  2.999795E-16
5460.82  2.869847E-16
5461.89  2.355454E-16
5462.96  2.796756E-16
5464.03  3.125938E-16
5465.1  2.760027E-16
5466.17  2.407253E-16
5467.24  2.277613E-16
5468.31  2.456180E-16
5469.38  2.345631E-16
5470.45  2.095887E-16
5471.52  2.187737E-16
5472.59  2.344526E-16
5473.66  2.706929E-16
5474.73  2.572969E-16
5475.8  2.601478E-16
5476.87  2.597909E-16
5477.94  2.196595E-16
5479.01  2.017911E-16
5480.08  1.843523E-16
5481.15  2.258224E-16
5482.22  2.674485E-16
5483.29  2.489074E-16
5484.36  2.287583E-16
5485.43  2.530874E-16
5486.5  2.480718E-16
5487.57  2.230737E-16
5488.64  2.415056E-16
5489.71  2.480438E-16
5490.78  2.403112E-16
5491.85  2.239020E-16
5492.92  2.314132E-16
5493.99  2.372713E-16
5495.06  2.030893E-16
5496.13  2.375641E-16
5497.2  2.295453E-16
5498.27  2.585073E-16
5499.34  2.667270E-16
5500.41  2.497825E-16
5501.48  2.387405E-16
5502.55  2.538439E-16
5503.62  2.822892E-16
5504.69  2.426233E-16
5505.76  2.279082E-16
5506.83  2.686474E-16
5507.9  2.927127E-16
5508.97  2.641918E-16
5510.04  2.706767E-16
5511.11  2.555292E-16
5512.18  2.256556E-16
5513.25  2.671666E-16
5514.32  2.928349E-16
5515.39  2.493365E-16
5516.46  2.344565E-16
5517.53  2.906096E-16
5518.6  2.616104E-16
5519.67  2.272336E-16
5520.74  2.070670E-16
5521.81  2.656904E-16
5522.88  2.871250E-16
5523.95  2.728319E-16
5525.02  3.128158E-16
5526.09  3.215498E-16
5527.16  3.085548E-16
5528.23  3.089447E-16
5529.3  2.734047E-16
5530.37  2.818110E-16
5531.44  2.810618E-16
5532.51  2.678363E-16
5533.58  3.017280E-16
5534.65  3.392744E-16
5535.72  3.367697E-16
5536.79  2.922862E-16
5537.86  3.036182E-16
5538.93  2.725020E-16
5540.  3.323634E-16
5541.07  3.655805E-16
5542.14  3.136194E-16
5543.21  3.622205E-16
5544.28  2.931492E-16
5545.35  2.072076E-16
5546.42  2.603225E-16
5547.49  2.873294E-16
5548.56  2.485395E-16
5549.63  2.428349E-16
5550.7  3.209251E-16
5551.77  2.776079E-16
5552.84  1.933796E-16
5553.91  2.655927E-16
5554.98  3.036343E-16
5556.05  3.085529E-16
5557.12  2.726532E-16
5558.19  1.772907E-16
5559.26  2.163137E-16
5560.33  2.252476E-16
5561.4  1.882715E-16
5562.47  2.105643E-16
5563.54  2.449975E-16
5564.61  3.052248E-16
5565.68  3.252529E-16
5566.75  3.349290E-16
5567.82  2.747814E-16
5568.89  2.331344E-16
5569.96  2.943412E-16
5571.03  2.835570E-16
5572.1  2.649769E-16
5573.17  2.161177E-16
5574.24  1.658777E-16
5575.31  2.310680E-16
5576.38  1.766276E-16
5577.45  2.508430E-16
5578.52  3.662648E-16
5579.59  2.497788E-16
5580.66  1.704544E-16
5581.73  1.907788E-16
5582.8  2.417329E-16
5583.87  2.158781E-16
5584.94  2.545633E-16
5586.01  2.669828E-16
5587.08  2.536417E-16
5588.15  2.839857E-16
5589.22  2.104152E-16
5590.29  2.006427E-16
5591.36  2.508394E-16
5592.43  2.221922E-16
5593.5  1.694354E-16
5594.57  1.836951E-16
5595.64  2.071098E-16
5596.71  1.988300E-16
5597.78  3.195211E-16
5598.85  2.753283E-16
5599.92  2.441432E-16
5600.99  2.632415E-16
5602.06  1.134588E-16
5603.13  1.829450E-16
5604.2  2.598652E-16
5605.27  1.955719E-16
5606.34  1.533525E-16
5607.41  6.764154E-17
5608.48  1.392998E-16
5609.55  3.402222E-16
5610.62  2.521175E-16
5611.69  1.603799E-16
5612.76  2.367185E-16
5613.83  2.813026E-16
5614.9  2.440188E-16
5615.97  3.640214E-16
5617.04  3.264689E-16
5618.11  2.317347E-16
5619.18  2.696645E-16
5620.25  2.456950E-16
5621.32  2.562752E-16
5622.39  2.942162E-16
5623.46  2.775990E-16
5624.53  2.864785E-16
5625.6  1.572004E-16
5626.67  2.368169E-16
5627.74  1.991775E-16
5628.81  2.089800E-16
5629.88  2.787774E-16
5630.95  1.694722E-16
5632.02  2.163557E-16
5633.09  2.408010E-16
5634.16  2.164633E-16
5635.23  1.722168E-16
5636.3  2.451345E-16
5637.37  2.893800E-16
5638.44  2.199828E-16
5639.51  2.878924E-16
5640.58  2.873099E-16
5641.65  4.032709E-16
5642.72  2.965871E-16
5643.79  1.124442E-16
5644.86  1.676442E-16
5645.93  2.343890E-16
5647.  1.853718E-16
5648.07  3.482029E-16
5649.14  2.453359E-16
5650.21  3.019456E-16
5651.28  4.442483E-16
5652.35  2.087046E-16
5653.42  2.693025E-16
5654.49  1.464670E-16
5655.56  2.354020E-16
5656.63  4.009849E-16
5657.7  3.985706E-16
5658.77  1.359211E-16
5659.84  2.324525E-16
5660.91  3.607793E-16
5661.98  2.354689E-16
5663.05  4.722303E-16
5664.12  3.168467E-16
5665.19  1.564690E-16
5666.26  2.083706E-16
5667.33  2.882040E-16
5668.4  2.440938E-16
5669.47  5.839059E-17
5670.54  1.566885E-16
5671.61  4.594683E-16
5672.68  4.501263E-16
5673.75  3.291020E-16
5674.82  3.182664E-16
5675.89  3.642926E-16
5676.96  4.222800E-16
5678.03  5.301998E-16
5679.1  2.906381E-16
5680.17  -6.079629E-17
5681.24  3.348578E-16
5682.31  4.849520E-16
5683.38  1.182189E-16
5684.45  3.880604E-16
5685.52  2.134583E-17
5686.59  -1.999800E-17
5687.66  1.165118E-16
5688.73  3.202461E-16
5689.8  2.412625E-16
5690.87  2.562624E-16
5691.94  6.590029E-16
5693.01  6.328339E-16
5694.08  6.570093E-16
5695.15  4.785157E-16
5696.22  7.492159E-16
5697.29  7.481548E-16
5698.36  5.858151E-16
5699.43  2.240726E-16
5700.5  2.843532E-16
