3400.  7.705687E-16
3401.07  8.873398E-16
3402.14  1.000370E-15
3403.21  7.225509E-16
3404.28  6.543306E-16
3405.35  7.656000E-16
3406.42  8.597172E-16
3407.49  9.256557E-16
3408.56  7.390993E-16
3409.63  7.257937E-16
3410.7  8.374215E-16
3411.77  7.904210E-16
3412.84  7.678329E-16
3413.91  7.483059E-16
3414.98  7.166076E-16
3416.05  6.700174E-16
3417.12  8.721445E-16
3418.19  8.788794E-16
3419.26  6.460268E-16
3420.33  6.689754E-16
3421.4  6.522982E-16
3422.47  6.704179E-16
3423.54  8.836778E-16
3424.61  8.718362E-16
3425.68  7.229728E-16
3426.75  7.002409E-16
3427.82  5.800516E-16
3428.89  7.341525E-16
3429.96  5.620365E-16
3431.03  5.937258E-16
3432.1  6.603895E-16
3433.17  7.656098E-16
3434.24  6.605871E-16
3435.31  5.522917E-16
3436.38  6.063702E-16
3437.45  6.099275E-16
3438.52  5.296168E-16
3439.59  7.010857E-16
3440.66  6.502982E-16
3441.73  5.779600E-16
3442.8  5.578860E-16
3443.87  5.523347E-16
3444.94  6.732015E-16
3446.01  6.302935E-16
3447.08  6.161615E-16
3448.15  6.672369E-16
3449.22  6.861125E-16
3450.29  5.960179E-16
3451.36  6.765347E-16
3452.43  8.143934E-16
3453.5  6.618575E-16
3454.57  6.488030E-16
3455.64  6.002124E-16
3456.71  5.704968E-16
3457.78  5.899860E-16
3458.85  6.018845E-16
3459.92  5.621622E-16
3460.99  5.972557E-16
3462.06  7.245809E-16
3463.13  5.962242E-16
3464.2  6.415082E-16
3465.27  7.061703E-16
3466.34  7.926171E-16
3467.41  7.172050E-16
3468.48  5.898669E-16
3469.55  4.930566E-16
3470.62  6.441022E-16
3471.69  7.377249E-16
3472.76  6.254885E-16
3473.83  6.623290E-16
3474.9  6.008045E-16
3475.97  6.343544E-16
3477.04  6.548714E-16
3478.11  6.375438E-16
3479.18  7.261233E-16
3480.25  6.063463E-16
3481.32  6.656246E-16
3482.39  6.217541E-16
3483.46  5.495707E-16
3484.53  6.059449E-16
3485.6  6.257968E-16
3486.67  4.734761E-16
3487.74  5.660604E-16
3488.81  5.120579E-16
3489.88  4.920894E-16
3490.95  5.259166E-16
3492.02  5.782943E-16
3493.09  5.752082E-16
3494.16  5.122533E-16
3495.23  5.221069E-16
3496.3  6.151664E-16
3497.37  5.521009E-16
3498.44  5.540499E-16
3499.51  6.177423E-16
3500.58  6.609652E-16
3501.65  5.778974E-16
3502.72  6.461932E-16
3503.79  6.746194E-16
3504.86  6.534662E-16
3505.93  5.649358E-16
3507.  6.765545E-16
3508.07  5.188354E-16
3509.14  6.203478E-16
3510.21  6.243188E-16
3511.28  5.158960E-16
3512.35  5.891239E-16
3513.42  6.316993E-16
3514.49  6.101213E-16
3515.56  6.782388E-16
3516.63  6.871111E-16
3517.7  6.814877E-16
3518.77  5.514261E-16
3519.84  6.197291E-16
3520.91  6.889638E-16
3521.98  6.642869E-16
3523.05  6.052816E-16
3524.12  6.045535E-16
3525.19  6.095680E-16
3526.26  4.995439E-16
3527.33  6.081747E-16
3528.4  6.934072E-16
3529.47  6.959571E-16
3530.54  5.637489E-16
3531.61  5.640601E-16
3532.68  6.730450E-16
3533.75  6.743288E-16
3534.82  7.170687E-16
3535.89  7.984772E-16
3536.96  7.557480E-16
3538.03  7.136479E-16
3539.1  6.803815E-16
3540.17  7.061314E-16
3541.24  6.803064E-16
3542.31  6.633358E-16
3543.38  7.382652E-16
3544.45  6.945002E-16
3545.52  7.409106E-16
3546.59  7.124344E-16
3547.66  6.448533E-16
3548.73  6.111584E-16
3549.8  6.226341E-16
3550.87  6.012239E-16
3551.94  6.768016E-16
3553.01  6.932039E-16
3554.08  5.583197E-16
3555.15  6.253529E-16
3556.22  7.043257E-16
3557.29  5.931688E-16
3558.36  5.765369E-16
3559.43  6.293140E-16
3560.5  5.802159E-16
3561.57  5.029873E-16
3562.64  5.846318E-16
3563.71  6.553400E-16
3564.78  6.126674E-16
3565.85  6.021199E-16
3566.92  6.221713E-16
3567.99  5.765671E-16
3569.06  4.880171E-16
3570.13  5.197756E-16
3571.2  5.188164E-16
3572.27  5.157100E-16
3573.34  5.095632E-16
3574.41  5.771478E-16
3575.48  5.655881E-16
3576.55  5.375704E-16
3577.62  4.824579E-16
3578.69  4.782294E-16
3579.76  5.185697E-16
3580.83  5.177141E-16
3581.9  4.925748E-16
3582.97  4.904076E-16
3584.04  5.526342E-16
3585.11  5.856555E-16
3586.18  5.875801E-16
3587.25  4.992095E-16
3588.32  5.069483E-16
3589.39  5.211620E-16
3590.46  5.490602E-16
3591.53  6.284457E-16
3592.6  6.050477E-16
3593.67  5.635260E-16
3594.74  6.167827E-16
3595.81  6.246510E-16
3596.88  5.797374E-16
3597.95  5.934351E-16
3599.02  5.922317E-16
3600.09  5.478235E-16
3601.16  5.232638E-16
3602.23  5.926596E-16
3603.3  5.863486E-16
3604.37  5.771766E-16
3605.44  6.478092E-16
3606.51  6.887067E-16
3607.58  6.457144E-16
3608.65  6.203035E-16
3609.72  5.843920E-16
3610.79  5.451792E-16
3611.86  5.814458E-16
3612.93  6.368794E-16
3614.  6.568739E-16
3615.07  6.670457E-16
3616.14  6.944209E-16
3617.21  6.642088E-16
3618.28  6.427319E-16
3619.35  5.872574E-16
3620.42  5.583204E-16
3621.49  6.252981E-16
3622.56  5.880673E-16
3623.63  5.351787E-16
3624.7  5.994571E-16
3625.77  6.334680E-16
3626.84  6.032322E-16
3627.91  6.268864E-16
3628.98  5.581829E-16
3630.05  5.623349E-16
3631.12  5.540908E-16
3632.19  5.280308E-16
3633.26  5.208432E-16
3634.33  5.314897E-16
3635.4  5.577896E-16
3636.47  5.395142E-16
3637.54  5.660434E-16
3638.61  5.555869E-16
3639.68  5.178574E-16
3640.75  5.019820E-16
3641.82  5.188588E-16
3642.89  5.091279E-16
3643.96  4.821538E-16
3645.03  4.643637E-16
3646.1  4.613379E-16
3647.17  4.489338E-16
3648.24  4.766807E-16
3649.31  4.802830E-16
3650.38  4.425203E-16
3651.45  4.396277E-16
3652.52  4.570225E-16
3653.59  4.898747E-16
3654.66  5.185012E-16
3655.73  4.715572E-16
3656.8  4.443293E-16
3657.87  4.455136E-16
3658.94  4.216903E-16
3660.01  4.501544E-16
3661.08  4.627319E-16
3662.15  4.623013E-16
3663.22  5.050758E-16
3664.29  4.371629E-16
3665.36  4.100502E-16
3666.43  4.330110E-16
3667.5  4.561194E-16
3668.57  4.446002E-16
3669.64  4.338641E-16
3670.71  4.538686E-16
3671.78  4.228793E-16
3672.85  3.799421E-16
3673.92  4.232537E-16
3674.99  4.961795E-16
3676.06  4.679964E-16
3677.13  4.854653E-16
3678.2  5.371671E-16
3679.27  4.740199E-16
3680.34  4.175181E-16
3681.41  4.400578E-16
3682.48  4.932800E-16
3683.55  5.317642E-16
3684.62  4.809892E-16
3685.69  5.963273E-16
3686.76  5.240469E-16
3687.83  5.352756E-16
3688.9  5.437333E-16
3689.97  5.378339E-16
3691.04  5.765703E-16
3692.11  5.727389E-16
3693.18  6.032771E-16
3694.25  6.071668E-16
3695.32  5.697795E-16
3696.39  5.600437E-16
3697.46  6.164735E-16
3698.53  5.798963E-16
3699.6  5.793970E-16
3700.67  6.453826E-16
3701.74  6.443963E-16
3702.81  6.280407E-16
3703.88  6.634120E-16
3704.95  6.459261E-16
3706.02  4.904342E-16
3707.09  5.888477E-16
3708.16  5.697870E-16
3709.23  6.417881E-16
3710.3  5.396375E-16
3711.37  5.496140E-16
3712.44  6.781238E-16
3713.51  6.164523E-16
3714.58  5.473063E-16
3715.65  5.885586E-16
3716.72  5.678731E-16
3717.79  5.752887E-16
3718.86  5.497020E-16
3719.93  5.606932E-16
3721.  5.757292E-16
3722.07  5.511003E-16
3723.14  5.719820E-16
3724.21  5.288903E-16
3725.28  5.194400E-16
3726.35  5.226442E-16
3727.42  5.150215E-16
3728.49  4.904457E-16
3729.56  4.837418E-16
3730.63  5.179982E-16
3731.7  4.991749E-16
3732.77  4.914479E-16
3733.84  4.763924E-16
3734.91  4.544865E-16
3735.98  4.759689E-16
3737.05  4.914109E-16
3738.12  4.512724E-16
3739.19  4.803185E-16
3740.26  5.232264E-16
3741.33  4.848263E-16
3742.4  4.312448E-16
3743.47  4.044364E-16
3744.54  4.313894E-16
3745.61  4.393229E-16
3746.68  4.447594E-16
3747.75  4.224426E-16
3748.82  4.051640E-16
3749.89  4.332886E-16
3750.96  3.825392E-16
3752.03  3.945528E-16
3753.1  4.048746E-16
3754.17  4.149303E-16
3755.24  4.261246E-16
3756.31  3.867505E-16
3757.38  3.737766E-16
3758.45  3.978243E-16
3759.52  4.231488E-16
3760.59  4.441644E-16
3761.66  4.218957E-16
3762.73  3.695142E-16
3763.8  3.804807E-16
3764.87  3.818764E-16
3765.94  4.046193E-16
3767.01  4.239872E-16
3768.08  4.094203E-16
3769.15  3.951181E-16
3770.22  4.079484E-16
3771.29  4.609930E-16
3772.36  4.502864E-16
3773.43  4.295383E-16
3774.5  3.954527E-16
3775.57  3.910832E-16
3776.64  4.004470E-16
3777.71  4.050995E-16
3778.78  4.425036E-16
3779.85  4.249780E-16
3780.92  4.165335E-16
3781.99  4.135180E-16
3783.06  4.214902E-16
3784.13  4.414792E-16
3785.2  4.819427E-16
3786.27  4.414719E-16
3787.34  4.004992E-16
3788.41  4.170665E-16
3789.48  4.349671E-16
3790.55  4.645195E-16
3791.62  4.239387E-16
3792.69  4.214383E-16
3793.76  3.959933E-16
3794.83  4.108901E-16
3795.9  4.218376E-16
3796.97  4.606019E-16
3798.04  4.828994E-16
3799.11  4.831586E-16
3800.18  4.831866E-16
3801.25  5.153815E-16
3802.32  4.756654E-16
3803.39  4.240488E-16
3804.46  4.254955E-16
3805.53  4.548512E-16
3806.6  5.291303E-16
3807.67  5.396078E-16
3808.74  5.053577E-16
3809.81  4.466540E-16
3810.88  4.653747E-16
3811.95  5.374433E-16
3813.02  4.768414E-16
3814.09  4.818242E-16
3815.16  4.856845E-16
3816.23  4.582955E-16
3817.3  4.790591E-16
3818.37  4.836990E-16
3819.44  4.599571E-16
3820.51  5.080256E-16
3821.58  5.060988E-16
3822.65  4.909128E-16
3823.72  5.087292E-16
3824.79  4.958445E-16
3825.86  4.970259E-16
3826.93  4.954009E-16
3828.  4.761402E-16
3829.07  4.506082E-16
3830.14  4.719740E-16
3831.21  4.525622E-16
3832.28  4.361932E-16
3833.35  4.309091E-16
3834.42  4.120993E-16
3835.49  3.953273E-16
3836.56  3.874601E-16
3837.63  4.048699E-16
3838.7  3.866806E-16
3839.77  3.768050E-16
3840.84  4.149018E-16
3841.91  4.517809E-16
3842.98  4.518102E-16
3844.05  4.231551E-16
3845.12  4.135620E-16
3846.19  4.618636E-16
3847.26  4.991909E-16
3848.33  4.781001E-16
3849.4  4.625265E-16
3850.47  4.666067E-16
3851.54  4.737538E-16
3852.61  4.414630E-16
3853.68  4.536785E-16
3854.75  5.132582E-16
3855.82  4.961316E-16
3856.89  4.683082E-16
3857.96  4.505001E-16
3859.03  4.663506E-16
3860.1  4.949913E-16
3861.17  4.818481E-16
3862.24  4.858761E-16
3863.31  5.225813E-16
3864.38  4.824140E-16
3865.45  4.503015E-16
3866.52  5.099652E-16
3867.59  5.133035E-16
3868.66  4.767099E-16
3869.73  4.705883E-16
3870.8  4.571609E-16
3871.87  4.229087E-16
3872.94  3.957732E-16
3874.01  4.117175E-16
3875.08  4.619480E-16
3876.15  4.579663E-16
3877.22  3.937518E-16
3878.29  3.999121E-16
3879.36  4.251777E-16
3880.43  4.143477E-16
3881.5  3.729028E-16
3882.57  3.475587E-16
3883.64  3.595145E-16
3884.71  3.421244E-16
3885.78  3.400234E-16
3886.85  3.725377E-16
3887.92  3.562650E-16
3888.99  3.649542E-16
3890.06  3.550510E-16
3891.13  3.544654E-16
3892.2  3.328480E-16
3893.27  3.452622E-16
3894.34  3.450638E-16
3895.41  3.761212E-16
3896.48  3.935709E-16
3897.55  3.759191E-16
3898.62  3.393330E-16
3899.69  3.887875E-16
3900.76  4.258745E-16
3901.83  4.010244E-16
3902.9  4.265797E-16
3903.97  4.376020E-16
3905.04  4.496973E-16
3906.11  4.821949E-16
3907.18  4.749323E-16
3908.25  4.637831E-16
3909.32  5.125490E-16
3910.39  4.784374E-16
3911.46  4.682317E-16
3912.53  4.497870E-16
3913.6  4.944821E-16
3914.67  4.746747E-16
3915.74  4.849426E-16
3916.81  5.048429E-16
3917.88  5.053257E-16
3918.95  4.916362E-16
3920.02  4.791409E-16
3921.09  4.574842E-16
3922.16  5.139442E-16
3923.23  5.477690E-16
3924.3  5.271291E-16
3925.37  5.318185E-16
3926.44  5.054464E-16
3927.51  5.047008E-16
3928.58  5.015459E-16
3929.65  4.909140E-16
3930.72  4.897284E-16
3931.79  5.063595E-16
3932.86  4.795880E-16
3933.93  4.788581E-16
3935.  5.005595E-16
3936.07  5.085471E-16
3937.14  5.123452E-16
3938.21  4.859880E-16
3939.28  4.635981E-16
3940.35  4.819928E-16
3941.42  4.545448E-16
3942.49  4.577587E-16
3943.56  4.797022E-16
3944.63  4.984323E-16
3945.7  5.067929E-16
3946.77  4.849047E-16
3947.84  5.022505E-16
3948.91  4.397655E-16
3949.98  4.184458E-16
3951.05  4.551660E-16
3952.12  4.367211E-16
3953.19  4.141281E-16
3954.26  4.266453E-16
3955.33  4.284055E-16
3956.4  4.238034E-16
3957.47  4.242253E-16
3958.54  4.098171E-16
3959.61  4.013647E-16
3960.68  4.017155E-16
3961.75  3.899105E-16
3962.82  3.682627E-16
3963.89  3.719377E-16
3964.96  3.613879E-16
3966.03  3.602718E-16
3967.1  3.626483E-16
3968.17  3.377038E-16
3969.24  3.193613E-16
3970.31  3.002439E-16
3971.38  2.643970E-16
3972.45  2.729557E-16
3973.52  3.311886E-16
3974.59  3.162743E-16
3975.66  3.253400E-16
3976.73  3.564566E-16
3977.8  3.785777E-16
3978.87  3.904614E-16
3979.94  4.094738E-16
3981.01  3.721974E-16
3982.08  3.736980E-16
3983.15  4.083838E-16
3984.22  4.484201E-16
3985.29  4.662677E-16
3986.36  3.773669E-16
3987.43  3.950920E-16
3988.5  4.299179E-16
3989.57  4.236419E-16
3990.64  4.561755E-16
3991.71  4.778529E-16
3992.78  4.096291E-16
3993.85  4.398695E-16
3994.92  4.742888E-16
3995.99  4.949136E-16
3997.06  4.921786E-16
3998.13  4.782346E-16
3999.2  4.345268E-16
4000.27  4.379877E-16
4001.34  4.239560E-16
4002.41  4.911282E-16
4003.48  5.185600E-16
4004.55  4.971400E-16
4005.62  5.045362E-16
4006.69  5.045673E-16
4007.76  4.583616E-16
4008.83  4.875491E-16
4009.9  4.784696E-16
4010.97  4.958634E-16
4012.04  4.406389E-16
4013.11  4.620058E-16
4014.18  5.178191E-16
4015.25  4.997979E-16
4016.32  5.186403E-16
4017.39  5.135663E-16
4018.46  5.356041E-16
4019.53  5.108164E-16
4020.6  4.443183E-16
4021.67  5.060662E-16
4022.74  5.157497E-16
4023.81  4.877224E-16
4024.88  4.769290E-16
4025.95  4.830629E-16
4027.02  4.898716E-16
4028.09  4.776956E-16
4029.16  5.045003E-16
4030.23  4.928271E-16
4031.3  4.854587E-16
4032.37  4.525504E-16
4033.44  5.163340E-16
4034.51  5.443762E-16
4035.58  4.822409E-16
4036.65  4.686433E-16
4037.72  5.002850E-16
4038.79  5.060204E-16
4039.86  5.804471E-16
4040.93  5.498557E-16
4042.  4.929739E-16
4043.07  4.577073E-16
4044.14  4.453748E-16
4045.21  4.434113E-16
4046.28  5.243859E-16
4047.35  5.232340E-16
4048.42  5.249622E-16
4049.49  5.387483E-16
4050.56  5.116453E-16
4051.63  5.018560E-16
4052.7  4.858197E-16
4053.77  4.894812E-16
4054.84  5.108026E-16
4055.91  5.165754E-16
4056.98  4.966375E-16
4058.05  4.947481E-16
4059.12  4.947054E-16
4060.19  4.805287E-16
4061.26  5.056564E-16
4062.33  4.740392E-16
4063.4  4.367542E-16
4064.47  4.795445E-16
4065.54  4.798541E-16
4066.61  4.611559E-16
4067.68  4.674969E-16
4068.75  4.826309E-16
4069.82  4.697486E-16
4070.89  4.482272E-16
4071.96  4.579536E-16
4073.03  4.450136E-16
4074.1  4.122910E-16
4075.17  4.651235E-16
4076.24  4.798507E-16
4077.31  4.326921E-16
4078.38  4.156095E-16
4079.45  4.218605E-16
4080.52  4.581256E-16
4081.59  4.324719E-16
4082.66  4.161892E-16
4083.73  3.928839E-16
4084.8  4.126367E-16
4085.87  4.005333E-16
4086.94  3.746393E-16
4088.01  3.856499E-16
4089.08  3.888022E-16
4090.15  3.772056E-16
4091.22  4.128359E-16
4092.29  3.879193E-16
4093.36  3.604219E-16
4094.43  3.533626E-16
4095.5  3.422571E-16
4096.57  3.246464E-16
4097.64  2.976050E-16
4098.71  2.988179E-16
4099.78  2.723923E-16
4100.85  2.800631E-16
4101.92  2.915411E-16
4102.99  2.618115E-16
4104.06  2.473905E-16
4105.13  2.522348E-16
4106.2  2.842968E-16
4107.27  3.058554E-16
4108.34  3.139925E-16
4109.41  3.194856E-16
4110.48  3.106583E-16
4111.55  3.180724E-16
4112.62  3.357545E-16
4113.69  3.371105E-16
4114.76  3.526975E-16
4115.83  3.599840E-16
4116.9  3.195308E-16
4117.97  3.471188E-16
4119.04  3.956350E-16
4120.11  3.862918E-16
4121.18  3.981728E-16
4122.25  4.108988E-16
4123.32  4.137636E-16
4124.39  4.109661E-16
4125.46  4.004037E-16
4126.53  4.043186E-16
4127.6  4.141527E-16
4128.67  3.935349E-16
4129.74  3.966254E-16
4130.81  3.871376E-16
4131.88  3.764870E-16
4132.95  4.100538E-16
4134.02  4.393217E-16
4135.09  4.376697E-16
4136.16  4.398260E-16
4137.23  4.518255E-16
4138.3  4.504848E-16
4139.37  4.575731E-16
4140.44  4.612667E-16
4141.51  4.947445E-16
4142.58  4.975027E-16
4143.65  4.762861E-16
4144.72  4.811213E-16
4145.79  4.696003E-16
4146.86  4.673335E-16
4147.93  4.383536E-16
4149.  4.283332E-16
4150.07  4.197313E-16
4151.14  4.542151E-16
4152.21  4.884437E-16
4153.28  4.601980E-16
4154.35  4.423933E-16
4155.42  4.677636E-16
4156.49  4.805246E-16
4157.56  4.810289E-16
4158.63  4.737569E-16
4159.7  4.802669E-16
4160.77  4.858332E-16
4161.84  4.830547E-16
4162.91  4.785091E-16
4163.98  4.951262E-16
4165.05  4.741991E-16
4166.12  4.834024E-16
4167.19  4.835720E-16
4168.26  4.940789E-16
4169.33  5.001920E-16
4170.4  4.892292E-16
4171.47  4.966324E-16
4172.54  4.747899E-16
4173.61  4.408934E-16
4174.68  4.631220E-16
4175.75  4.765768E-16
4176.82  4.981877E-16
4177.89  5.124551E-16
4178.96  5.299620E-16
4180.03  5.029537E-16
4181.1  4.889177E-16
4182.17  5.063011E-16
4183.24  5.324458E-16
4184.31  5.341374E-16
4185.38  5.059193E-16
4186.45  5.312418E-16
4187.52  5.455298E-16
4188.59  5.267741E-16
4189.66  5.340582E-16
4190.73  5.240593E-16
4191.8  4.603575E-16
4192.87  4.790911E-16
4193.94  4.755453E-16
4195.01  4.783790E-16
4196.08  4.744202E-16
4197.15  4.388846E-16
4198.22  4.622510E-16
4199.29  4.973635E-16
4200.36  4.965610E-16
4201.43  4.966193E-16
4202.5  4.965276E-16
4203.57  5.076545E-16
4204.64  5.468627E-16
4205.71  5.144620E-16
4206.78  4.917193E-16
4207.85  4.759618E-16
4208.92  4.487638E-16
4209.99  4.855103E-16
4211.06  5.248093E-16
4212.13  5.035727E-16
4213.2  4.803312E-16
4214.27  4.871428E-16
4215.34  4.876619E-16
4216.41  4.821602E-16
4217.48  4.959947E-16
4218.55  4.942811E-16
4219.62  4.908807E-16
4220.69  5.090269E-16
4221.76  4.951279E-16
4222.83  4.874206E-16
4223.9  4.754042E-16
4224.97  4.582433E-16
4226.04  4.758826E-16
4227.11  4.758973E-16
4228.18  4.665370E-16
4229.25  4.711998E-16
4230.32  4.793313E-16
4231.39  5.028913E-16
4232.46  4.717898E-16
4233.53  4.367787E-16
4234.6  4.593969E-16
4235.67  5.057737E-16
4236.74  4.874838E-16
4237.81  4.698589E-16
4238.88  4.442092E-16
4239.95  4.227161E-16
4241.02  4.778784E-16
4242.09  4.989195E-16
4243.16  5.185598E-16
4244.23  4.907905E-16
4245.3  4.118574E-16
4246.37  4.150742E-16
4247.44  4.206531E-16
4248.51  4.562724E-16
4249.58  4.737193E-16
4250.65  4.797337E-16
4251.72  4.339932E-16
4252.79  4.018381E-16
4253.86  4.330818E-16
4254.93  4.303911E-16
4256.  4.649777E-16
4257.07  4.750320E-16
4258.14  4.407872E-16
4259.21  4.142183E-16
4260.28  4.492566E-16
4261.35  4.550517E-16
4262.42  4.495227E-16
4263.49  4.609124E-16
4264.56  4.622323E-16
4265.63  4.402804E-16
4266.7  4.250165E-16
4267.77  4.320932E-16
4268.84  4.397828E-16
4269.91  4.224895E-16
4270.98  4.143908E-16
4272.05  4.154289E-16
4273.12  3.769701E-16
4274.19  3.854429E-16
4275.26  4.276424E-16
4276.33  4.091583E-16
4277.4  4.088631E-16
4278.47  4.347221E-16
4279.54  4.241602E-16
4280.61  4.174522E-16
4281.68  4.148314E-16
4282.75  3.995881E-16
4283.82  4.063405E-16
4284.89  4.162639E-16
4285.96  4.244907E-16
4287.03  4.092154E-16
4288.1  4.052970E-16
4289.17  4.130078E-16
4290.24  3.899397E-16
4291.31  4.002842E-16
4292.38  4.099713E-16
4293.45  4.124050E-16
4294.52  3.950723E-16
4295.59  4.028385E-16
4296.66  4.076307E-16
4297.73  4.322539E-16
4298.8  4.359824E-16
4299.87  3.980321E-16
4300.94  3.713439E-16
4302.01  3.779843E-16
4303.08  4.037941E-16
4304.15  4.301405E-16
4305.22  4.208120E-16
4306.29  3.923898E-16
4307.36  3.666882E-16
4308.43  3.584756E-16
4309.5  3.401579E-16
4310.57  3.710599E-16
4311.64  3.783318E-16
4312.71  3.352020E-16
4313.78  3.599572E-16
4314.85  3.509264E-16
4315.92  3.678825E-16
4316.99  3.631734E-16
4318.06  3.439290E-16
4319.13  3.532124E-16
4320.2  3.967117E-16
4321.27  3.781843E-16
4322.34  3.199496E-16
4323.41  3.097612E-16
4324.48  3.264094E-16
4325.55  2.894936E-16
4326.62  2.834030E-16
4327.69  3.033631E-16
4328.76  3.082579E-16
4329.83  2.996903E-16
4330.9  2.834934E-16
4331.97  2.788976E-16
4333.04  2.737035E-16
4334.11  2.805194E-16
4335.18  2.823167E-16
4336.25  2.302111E-16
4337.32  2.357217E-16
4338.39  2.691049E-16
4339.46  2.474788E-16
4340.53  2.285563E-16
4341.6  2.012834E-16
4342.67  2.290768E-16
4343.74  2.408967E-16
4344.81  2.334276E-16
4345.88  2.412570E-16
4346.95  2.504511E-16
4348.02  2.647580E-16
4349.09  2.776437E-16
4350.16  2.844665E-16
4351.23  2.706996E-16
4352.3  2.792504E-16
4353.37  2.904758E-16
4354.44  2.897621E-16
4355.51  3.181151E-16
4356.58  3.343509E-16
4357.65  3.515090E-16
4358.72  3.778342E-16
4359.79  3.519800E-16
4360.86  3.415749E-16
4361.93  3.706988E-16
4363.  3.707462E-16
4364.07  3.458887E-16
4365.14  3.487056E-16
4366.21  3.669426E-16
4367.28  3.490380E-16
4368.35  3.579533E-16
4369.42  3.639625E-16
4370.49  3.442033E-16
4371.56  3.791960E-16
4372.63  3.765403E-16
4373.7  3.705295E-16
4374.77  3.805760E-16
4375.84  3.850984E-16
4376.91  3.808923E-16
4377.98  3.906735E-16
4379.05  3.759870E-16
4380.12  3.486958E-16
4381.19  3.709433E-16
4382.26  3.746360E-16
4383.33  3.824569E-16
4384.4  3.759274E-16
4385.47  3.898994E-16
4386.54  3.906804E-16
4387.61  3.945060E-16
4388.68  4.062903E-16
4389.75  3.991841E-16
4390.82  3.769825E-16
4391.89  3.747769E-16
4392.96  3.904344E-16
4394.03  3.944296E-16
4395.1  4.021870E-16
4396.17  3.850907E-16
4397.24  3.778790E-16
4398.31  3.658379E-16
4399.38  4.199186E-16
4400.45  4.427625E-16
4401.52  4.194437E-16
4402.59  4.315040E-16
4403.66  4.063664E-16
4404.73  4.069895E-16
4405.8  4.015835E-16
4406.87  3.715642E-16
4407.94  3.807255E-16
4409.01  4.028804E-16
4410.08  3.957312E-16
4411.15  3.609211E-16
4412.22  3.915640E-16
4413.29  4.305920E-16
4414.36  3.919716E-16
4415.43  3.841029E-16
4416.5  4.009124E-16
4417.57  3.879938E-16
4418.64  3.625603E-16
4419.71  3.679352E-16
4420.78  4.108424E-16
4421.85  4.051723E-16
4422.92  3.737534E-16
4423.99  3.708772E-16
4425.06  4.065347E-16
4426.13  4.075589E-16
4427.2  3.880995E-16
4428.27  3.918948E-16
4429.34  4.087001E-16
4430.41  4.068393E-16
4431.48  3.925106E-16
4432.55  4.049726E-16
4433.62  3.871477E-16
4434.69  3.980251E-16
4435.76  3.671877E-16
4436.83  3.880347E-16
4437.9  4.229814E-16
4438.97  4.259470E-16
4440.04  4.125926E-16
4441.11  3.819245E-16
4442.18  4.059815E-16
4443.25  3.941682E-16
4444.32  3.796692E-16
4445.39  3.726562E-16
4446.46  3.754284E-16
4447.53  4.162553E-16
4448.6  4.135303E-16
4449.67  3.956062E-16
4450.74  4.111520E-16
4451.81  3.911069E-16
4452.88  3.912489E-16
4453.95  4.152839E-16
4455.02  4.142330E-16
4456.09  4.038698E-16
4457.16  3.856062E-16
4458.23  4.016303E-16
4459.3  4.505119E-16
4460.37  4.189214E-16
4461.44  3.986860E-16
4462.51  3.802352E-16
4463.58  3.819669E-16
4464.65  3.846413E-16
4465.72  3.630984E-16
4466.79  3.578317E-16
4467.86  3.710168E-16
4468.93  4.115356E-16
4470.  4.215908E-16
4471.07  4.119337E-16
4472.14  3.886669E-16
4473.21  3.759814E-16
4474.28  3.964705E-16
4475.35  4.148127E-16
4476.42  4.191342E-16
4477.49  4.035190E-16
4478.56  3.874966E-16
4479.63  4.051977E-16
4480.7  4.215985E-16
4481.77  4.006079E-16
4482.84  3.751096E-16
4483.91  3.694205E-16
4484.98  4.093789E-16
4486.05  3.909935E-16
4487.12  3.715264E-16
4488.19  3.921934E-16
4489.26  3.801842E-16
4490.33  3.273243E-16
4491.4  3.376521E-16
4492.47  3.703714E-16
4493.54  3.964616E-16
4494.61  3.784184E-16
4495.68  4.025987E-16
4496.75  3.845670E-16
4497.82  3.709901E-16
4498.89  3.780079E-16
4499.96  4.085828E-16
4501.03  3.889287E-16
4502.1  3.710354E-16
4503.17  4.040465E-16
4504.24  3.683574E-16
4505.31  3.552454E-16
4506.38  3.746510E-16
4507.45  4.057968E-16
4508.52  3.669727E-16
4509.59  3.817893E-16
4510.66  3.954415E-16
4511.73  3.855410E-16
4512.8  4.004917E-16
4513.87  4.029461E-16
4514.94  3.483933E-16
4516.01  3.640488E-16
4517.08  4.105909E-16
4518.15  3.999605E-16
4519.22  3.703132E-16
4520.29  3.722118E-16
4521.36  3.916278E-16
4522.43  3.788343E-16
4523.5  3.817289E-16
4524.57  3.778099E-16
4525.64  3.769135E-16
4526.71  4.116534E-16
4527.78  4.136270E-16
4528.85  3.884466E-16
4529.92  3.793781E-16
4530.99  3.822857E-16
4532.06  3.674000E-16
4533.13  3.982634E-16
4534.2  3.893106E-16
4535.27  3.455954E-16
4536.34  3.495142E-16
4537.41  3.549158E-16
4538.48  3.522025E-16
4539.55  3.557548E-16
4540.62  3.735011E-16
4541.69  3.456407E-16
4542.76  3.528928E-16
4543.83  4.021276E-16
4544.9  3.963514E-16
4545.97  3.713059E-16
4547.04  3.649997E-16
4548.11  3.513493E-16
4549.18  3.666558E-16
4550.25  4.227309E-16
4551.32  3.867969E-16
4552.39  3.428610E-16
4553.46  3.336409E-16
4554.53  3.302326E-16
4555.6  3.595359E-16
4556.67  3.569281E-16
4557.74  3.341413E-16
4558.81  4.078742E-16
4559.88  4.040943E-16
4560.95  4.034144E-16
4562.02  3.800276E-16
4563.09  3.956158E-16
4564.16  3.704557E-16
4565.23  3.848217E-16
4566.3  3.680782E-16
4567.37  3.599134E-16
4568.44  3.975997E-16
4569.51  3.720735E-16
4570.58  3.493792E-16
4571.65  3.399419E-16
4572.72  4.027433E-16
4573.79  3.747837E-16
4574.86  3.581873E-16
4575.93  3.620123E-16
4577.  3.522242E-16
4578.07  3.583027E-16
4579.14  3.797013E-16
4580.21  3.738955E-16
4581.28  3.645471E-16
4582.35  3.643474E-16
4583.42  3.298221E-16
4584.49  3.257189E-16
4585.56  3.409814E-16
4586.63  3.756252E-16
4587.7  3.951998E-16
4588.77  3.764054E-16
4589.84  3.574440E-16
4590.91  3.363619E-16
4591.98  3.154763E-16
4593.05  3.360099E-16
4594.12  3.526263E-16
4595.19  3.542369E-16
4596.26  3.746965E-16
4597.33  3.427776E-16
4598.4  3.242847E-16
4599.47  3.440389E-16
4600.54  3.369159E-16
4601.61  3.675944E-16
4602.68  3.800562E-16
4603.75  3.741237E-16
4604.82  3.871483E-16
4605.89  3.898354E-16
4606.96  3.621858E-16
4608.03  3.262490E-16
4609.1  3.573617E-16
4610.17  3.914184E-16
4611.24  4.109057E-16
4612.31  3.867533E-16
4613.38  3.938408E-16
4614.45  3.400673E-16
4615.52  3.307057E-16
4616.59  3.334501E-16
4617.66  3.599679E-16
4618.73  3.427310E-16
4619.8  3.438708E-16
4620.87  3.526696E-16
4621.94  3.362326E-16
4623.01  3.698282E-16
4624.08  3.339418E-16
4625.15  3.653470E-16
4626.22  3.529974E-16
4627.29  3.726472E-16
4628.36  4.104839E-16
4629.43  3.589262E-16
4630.5  3.143550E-16
4631.57  3.510134E-16
4632.64  3.343312E-16
4633.71  3.169489E-16
4634.78  3.526291E-16
4635.85  3.885885E-16
4636.92  3.493541E-16
4637.99  3.507184E-16
4639.06  3.334643E-16
4640.13  3.597584E-16
4641.2  3.418086E-16
4642.27  3.312913E-16
4643.34  3.521857E-16
4644.41  3.466461E-16
4645.48  3.530604E-16
4646.55  3.589200E-16
4647.62  3.671140E-16
4648.69  3.755523E-16
4649.76  3.803401E-16
4650.83  3.462209E-16
4651.9  3.206133E-16
4652.97  3.034667E-16
4654.04  3.056277E-16
4655.11  3.528715E-16
4656.18  3.556258E-16
4657.25  3.450288E-16
4658.32  3.484435E-16
4659.39  3.407825E-16
4660.46  3.544569E-16
4661.53  3.288431E-16
4662.6  2.999615E-16
4663.67  3.199911E-16
4664.74  3.130109E-16
4665.81  3.528996E-16
4666.88  3.654739E-16
4667.95  3.376635E-16
4669.02  3.533184E-16
4670.09  3.195078E-16
4671.16  3.322158E-16
4672.23  3.378206E-16
4673.3  3.229796E-16
4674.37  3.503398E-16
4675.44  3.370758E-16
4676.51  3.537785E-16
4677.58  3.619532E-16
4678.65  3.435532E-16
4679.72  3.285133E-16
4680.79  3.081773E-16
4681.86  3.301902E-16
4682.93  2.944001E-16
4684.  3.132085E-16
4685.07  3.482720E-16
4686.14  3.022998E-16
4687.21  2.822828E-16
4688.28  3.105688E-16
4689.35  3.195261E-16
4690.42  3.154736E-16
4691.49  3.331675E-16
4692.56  3.291503E-16
4693.63  3.220942E-16
4694.7  3.341568E-16
4695.77  3.366954E-16
4696.84  3.461694E-16
4697.91  3.119833E-16
4698.98  3.172063E-16
4700.05  3.577116E-16
4701.12  3.341715E-16
4702.19  3.334530E-16
4703.26  3.502346E-16
4704.33  3.550684E-16
4705.4  3.415838E-16
4706.47  3.321639E-16
4707.54  3.227848E-16
4708.61  3.151822E-16
4709.68  3.414293E-16
4710.75  3.718880E-16
4711.82  3.618322E-16
4712.89  3.686368E-16
4713.96  3.475834E-16
4715.03  2.950479E-16
4716.1  3.000267E-16
4717.17  3.288037E-16
4718.24  3.615109E-16
4719.31  3.743609E-16
4720.38  3.462569E-16
4721.45  3.196840E-16
4722.52  3.165955E-16
4723.59  3.123420E-16
4724.66  3.244373E-16
4725.73  3.508725E-16
4726.8  3.554314E-16
4727.87  3.585792E-16
4728.94  3.260396E-16
4730.01  3.517835E-16
4731.08  3.425095E-16
4732.15  3.403394E-16
4733.22  3.530868E-16
4734.29  3.557414E-16
4735.36  3.424805E-16
4736.43  3.456189E-16
4737.5  3.514805E-16
4738.57  3.517409E-16
4739.64  3.559252E-16
4740.71  3.381809E-16
4741.78  3.292315E-16
4742.85  3.458132E-16
4743.92  3.462138E-16
4744.99  3.374873E-16
4746.06  3.369945E-16
4747.13  3.352997E-16
4748.2  3.379997E-16
4749.27  3.562823E-16
4750.34  3.309484E-16
4751.41  3.240780E-16
4752.48  3.385643E-16
4753.55  3.440921E-16
4754.62  2.896025E-16
4755.69  3.059296E-16
4756.76  3.298416E-16
4757.83  3.269047E-16
4758.9  3.451517E-16
4759.97  3.115634E-16
4761.04  3.394597E-16
4762.11  3.480059E-16
4763.18  3.376715E-16
4764.25  3.404458E-16
4765.32  3.042393E-16
4766.39  2.966327E-16
4767.46  3.242243E-16
4768.53  3.473194E-16
4769.6  3.523999E-16
4770.67  3.242065E-16
4771.74  3.225787E-16
4772.81  3.319304E-16
4773.88  2.969303E-16
4774.95  3.040555E-16
4776.02  3.157906E-16
4777.09  3.045357E-16
4778.16  3.200284E-16
4779.23  3.257633E-16
4780.3  3.253017E-16
4781.37  3.260967E-16
4782.44  3.362730E-16
4783.51  3.224740E-16
4784.58  2.959209E-16
4785.65  2.950631E-16
4786.72  3.170213E-16
4787.79  3.135532E-16
4788.86  3.266827E-16
4789.93  3.250884E-16
4791.  3.059047E-16
4792.07  3.139144E-16
4793.14  3.085264E-16
4794.21  3.111377E-16
4795.28  2.984662E-16
4796.35  3.135910E-16
4797.42  3.049005E-16
4798.49  3.039361E-16
4799.56  3.156097E-16
4800.63  2.927639E-16
4801.7  2.791534E-16
4802.77  2.665478E-16
4803.84  2.651730E-16
4804.91  2.821020E-16
4805.98  2.851553E-16
4807.05  2.855279E-16
4808.12  2.938071E-16
4809.19  3.143097E-16
4810.26  3.424790E-16
4811.33  3.290595E-16
4812.4  2.762984E-16
4813.47  2.842057E-16
4814.54  3.007761E-16
4815.61  3.131565E-16
4816.68  3.081144E-16
4817.75  3.189837E-16
4818.82  2.983956E-16
4819.89  2.610705E-16
4820.96  2.766071E-16
4822.03  3.042285E-16
4823.1  3.003625E-16
4824.17  2.803993E-16
4825.24  2.737405E-16
4826.31  2.821528E-16
4827.38  3.094088E-16
4828.45  3.188568E-16
4829.52  2.654342E-16
4830.59  2.327160E-16
4831.66  2.721126E-16
4832.73  3.075470E-16
4833.8  2.898140E-16
4834.87  2.658172E-16
4835.94  2.587761E-16
4837.01  2.554384E-16
4838.08  2.605586E-16
4839.15  2.623515E-16
4840.22  2.477416E-16
4841.29  2.312124E-16
4842.36  2.370140E-16
4843.43  2.502498E-16
4844.5  2.527756E-16
4845.57  2.396447E-16
4846.64  2.284470E-16
4847.71  2.449153E-16
4848.78  2.393727E-16
4849.85  2.222725E-16
4850.92  2.313395E-16
4851.99  2.321629E-16
4853.06  2.178899E-16
4854.13  2.162272E-16
4855.2  2.123664E-16
4856.27  2.020189E-16
4857.34  1.751145E-16
4858.41  1.919728E-16
4859.48  1.943173E-16
4860.55  1.672491E-16
4861.62  1.651459E-16
4862.69  1.805630E-16
4863.76  1.691375E-16
4864.83  1.623052E-16
4865.9  1.630875E-16
4866.97  1.752966E-16
4868.04  1.951124E-16
4869.11  2.046626E-16
4870.18  1.968684E-16
4871.25  2.086528E-16
4872.32  2.181869E-16
4873.39  2.076379E-16
4874.46  2.230636E-16
4875.53  2.008423E-16
4876.6  1.916624E-16
4877.67  1.939078E-16
4878.74  2.070365E-16
4879.81  2.298241E-16
4880.88  2.189614E-16
4881.95  2.288318E-16
4883.02  2.449715E-16
4884.09  2.314534E-16
4885.16  2.426123E-16
4886.23  2.506954E-16
4887.3  2.523388E-16
4888.37  2.606668E-16
4889.44  2.392584E-16
4890.51  2.701662E-16
4891.58  2.777890E-16
4892.65  2.652851E-16
4893.72  2.727774E-16
4894.79  2.671571E-16
4895.86  2.515143E-16
4896.93  2.556388E-16
4898.  2.713256E-16
4899.07  2.576953E-16
4900.14  2.622786E-16
4901.21  2.965705E-16
4902.28  3.014100E-16
4903.35  2.845112E-16
4904.42  2.783555E-16
4905.49  2.738472E-16
4906.56  2.745434E-16
4907.63  2.876490E-16
4908.7  2.760894E-16
4909.77  2.624704E-16
4910.84  2.777784E-16
4911.91  2.941871E-16
4912.98  2.944153E-16
4914.05  2.827831E-16
4915.12  2.624593E-16
4916.19  2.669632E-16
4917.26  2.790642E-16
4918.33  2.438749E-16
4919.4  2.720517E-16
4920.47  2.841099E-16
4921.54  2.911223E-16
4922.61  2.828925E-16
4923.68  2.617498E-16
4924.75  2.571372E-16
4925.82  2.991961E-16
4926.89  2.903356E-16
4927.96  2.724133E-16
4929.03  2.693762E-16
4930.1  2.455674E-16
4931.17  2.516457E-16
4932.24  2.732130E-16
4933.31  2.930373E-16
4934.38  2.841822E-16
4935.45  2.952410E-16
4936.52  2.747197E-16
4937.59  2.734282E-16
4938.66  2.857068E-16
4939.73  2.636869E-16
4940.8  2.936949E-16
4941.87  3.034678E-16
4942.94  2.854458E-16
4944.01  2.910249E-16
4945.08  2.857225E-16
4946.15  3.026698E-16
4947.22  3.066964E-16
4948.29  2.897742E-16
4949.36  2.804150E-16
4950.43  2.809341E-16
4951.5  2.916906E-16
4952.57  2.821133E-16
4953.64  2.622107E-16
4954.71  2.520849E-16
4955.78  2.594536E-16
4956.85  2.740814E-16
4957.92  2.609080E-16
4958.99  2.701997E-16
4960.06  2.659925E-16
4961.13  2.643091E-16
4962.2  2.899980E-16
4963.27  3.030173E-16
4964.34  3.117713E-16
4965.41  2.852726E-16
4966.48  2.527273E-16
4967.55  2.715125E-16
4968.62  2.764383E-16
4969.69  2.491296E-16
4970.76  2.673751E-16
4971.83  2.800880E-16
4972.9  2.810908E-16
4973.97  2.949025E-16
4975.04  2.587491E-16
4976.11  2.571152E-16
4977.18  2.807185E-16
4978.25  2.602924E-16
4979.32  2.245554E-16
4980.39  2.732279E-16
4981.46  2.800920E-16
4982.53  2.410997E-16
4983.6  2.663253E-16
4984.67  2.638247E-16
4985.74  2.506990E-16
4986.81  2.506915E-16
4987.88  2.931006E-16
4988.95  2.839349E-16
4990.02  2.706042E-16
4991.09  2.819952E-16
4992.16  2.963629E-16
4993.23  2.998296E-16
4994.3  2.817398E-16
4995.37  3.141250E-16
4996.44  2.840103E-16
4997.51  2.718410E-16
4998.58  2.677299E-16
4999.65  2.713714E-16
5000.72  2.529656E-16
5001.79  2.742808E-16
5002.86  2.949573E-16
5003.93  2.711836E-16
5005.  2.863219E-16
5006.07  2.840398E-16
5007.14  2.412613E-16
5008.21  2.316072E-16
5009.28  2.885735E-16
5010.35  3.058882E-16
5011.42  2.807735E-16
5012.49  2.603522E-16
5013.56  2.760507E-16
5014.63  2.726800E-16
5015.7  2.728136E-16
5016.77  2.805583E-16
5017.84  2.510285E-16
5018.91  2.615094E-16
5019.98  2.692550E-16
5021.05  2.826700E-16
5022.12  2.669701E-16
5023.19  2.484662E-16
5024.26  2.691484E-16
5025.33  2.917220E-16
5026.4  2.930157E-16
5027.47  2.698946E-16
5028.54  2.787541E-16
5029.61  2.918851E-16
5030.68  2.772052E-16
5031.75  2.668982E-16
5032.82  2.745234E-16
5033.89  2.763261E-16
5034.96  2.624406E-16
5036.03  2.561030E-16
5037.1  2.779056E-16
5038.17  2.990123E-16
5039.24  2.899064E-16
5040.31  3.053808E-16
5041.38  2.985827E-16
5042.45  2.641543E-16
5043.52  2.509903E-16
5044.59  2.619675E-16
5045.66  2.562600E-16
5046.73  2.473974E-16
5047.8  2.586496E-16
5048.87  2.478309E-16
5049.94  2.478430E-16
5051.01  2.765538E-16
5052.08  3.207815E-16
5053.15  2.987897E-16
5054.22  2.927850E-16
5055.29  2.837319E-16
5056.36  2.753397E-16
5057.43  2.663323E-16
5058.5  2.627527E-16
5059.57  2.674748E-16
5060.64  2.803082E-16
5061.71  2.756256E-16
5062.78  2.706138E-16
5063.85  2.642483E-16
5064.92  2.589584E-16
5065.99  2.222928E-16
5067.06  2.441157E-16
5068.13  2.520787E-16
5069.2  2.565998E-16
5070.27  2.606497E-16
5071.34  2.658441E-16
5072.41  2.405899E-16
5073.48  2.450279E-16
5074.55  2.689719E-16
5075.62  2.618243E-16
5076.69  2.412502E-16
5077.76  2.438707E-16
5078.83  2.599037E-16
5079.9  2.542575E-16
5080.97  2.668267E-16
5082.04  2.872432E-16
5083.11  2.655918E-16
5084.18  2.516319E-16
5085.25  2.721767E-16
5086.32  2.548941E-16
5087.39  2.603903E-16
5088.46  2.492135E-16
5089.53  2.678001E-16
5090.6  2.847819E-16
5091.67  2.729985E-16
5092.74  2.551379E-16
5093.81  2.439853E-16
5094.88  2.215944E-16
5095.95  2.391898E-16
5097.02  2.402988E-16
5098.09  2.644978E-16
5099.16  2.603374E-16
5100.23  2.366002E-16
5101.3  2.550433E-16
5102.37  2.498288E-16
5103.44  2.472761E-16
5104.51  2.609898E-16
5105.58  2.752656E-16
5106.65  2.630826E-16
5107.72  2.413681E-16
5108.79  2.531525E-16
5109.86  2.577809E-16
5110.93  2.590445E-16
5112.  2.575856E-16
5113.07  2.398371E-16
5114.14  2.522894E-16
5115.21  2.551401E-16
5116.28  2.561662E-16
5117.35  2.753412E-16
5118.42  2.583115E-16
5119.49  2.851713E-16
5120.56  2.856577E-16
5121.63  2.425232E-16
5122.7  2.308513E-16
5123.77  2.690732E-16
5124.84  2.462715E-16
5125.91  2.291827E-16
5126.98  2.473417E-16
5128.05  2.551768E-16
5129.12  2.515305E-16
5130.19  2.516690E-16
5131.26  2.672919E-16
5132.33  2.523610E-16
5133.4  2.364729E-16
5134.47  2.712283E-16
5135.54  2.795638E-16
5136.61  2.350975E-16
5137.68  2.392372E-16
5138.75  2.700897E-16
5139.82  2.604748E-16
5140.89  2.508013E-16
5141.96  2.517946E-16
5143.03  2.372663E-16
5144.1  2.702700E-16
5145.17  2.635977E-16
5146.24  2.406382E-16
5147.31  2.494499E-16
5148.38  2.367871E-16
5149.45  2.357577E-16
5150.52  2.636835E-16
5151.59  2.522603E-16
5152.66  2.393063E-16
5153.73  2.409347E-16
5154.8  2.456199E-16
5155.87  2.278202E-16
5156.94  2.258710E-16
5158.01  2.345134E-16
5159.08  2.386001E-16
5160.15  2.570580E-16
5161.22  2.725136E-16
5162.29  2.491789E-16
5163.36  2.526454E-16
5164.43  2.662239E-16
5165.5  2.582801E-16
5166.57  2.542260E-16
5167.64  2.790510E-16
5168.71  2.581832E-16
5169.78  2.418243E-16
5170.85  2.396002E-16
5171.92  2.608026E-16
5172.99  2.634341E-16
5174.06  2.364578E-16
5175.13  2.417988E-16
5176.2  2.635653E-16
5177.27  2.724898E-16
5178.34  2.431433E-16
5179.41  2.548477E-16
5180.48  2.489489E-16
5181.55  2.164940E-16
5182.62  2.362245E-16
5183.69  2.571596E-16
5184.76  2.513760E-16
5185.83  2.455735E-16
5186.9  2.669182E-16
5187.97  2.746057E-16
5189.04  2.606240E-16
5190.11  2.546592E-16
5191.18  2.524741E-16
5192.25  2.323461E-16
5193.32  2.350207E-16
5194.39  2.679596E-16
5195.46  2.630849E-16
5196.53  2.362328E-16
5197.6  2.463211E-16
5198.67  2.439517E-16
5199.74  2.547219E-16
5200.81  2.353132E-16
5201.88  2.186668E-16
5202.95  2.251746E-16
5204.02  2.375395E-16
5205.09  2.362965E-16
5206.16  2.478257E-16
5207.23  2.677110E-16
5208.3  2.659873E-16
5209.37  2.438930E-16
5210.44  2.361717E-16
5211.51  2.437384E-16
5212.58  2.212630E-16
5213.65  2.158724E-16
5214.72  2.261472E-16
5215.79  2.402181E-16
5216.86  2.543673E-16
5217.93  2.277191E-16
5219.  2.283183E-16
5220.07  2.688372E-16
5221.14  2.295088E-16
5222.21  2.296735E-16
5223.28  2.556588E-16
5224.35  2.398275E-16
5225.42  2.593775E-16
5226.49  2.503095E-16
5227.56  2.307959E-16
5228.63  2.600713E-16
5229.7  2.610561E-16
5230.77  2.493905E-16
5231.84  2.454614E-16
5232.91  2.118987E-16
5233.98  2.135176E-16
5235.05  2.209403E-16
5236.12  2.406042E-16
5237.19  2.425784E-16
5238.26  2.436708E-16
5239.33  2.128364E-16
5240.4  2.118158E-16
5241.47  2.455549E-16
5242.54  2.630685E-16
5243.61  2.455105E-16
5244.68  2.350135E-16
5245.75  2.278941E-16
5246.82  2.361595E-16
5247.89  2.411557E-16
5248.96  2.384855E-16
5250.03  2.246080E-16
5251.1  2.207597E-16
5252.17  2.165870E-16
5253.24  2.287245E-16
5254.31  2.246809E-16
5255.38  2.461846E-16
5256.45  2.703025E-16
5257.52  2.450421E-16
5258.59  2.287644E-16
5259.66  2.619714E-16
5260.73  2.609161E-16
5261.8  2.301324E-16
5262.87  2.376567E-16
5263.94  2.519883E-16
5265.01  2.437279E-16
5266.08  2.303297E-16
5267.15  2.461908E-16
5268.22  2.336707E-16
5269.29  2.145795E-16
5270.36  2.158693E-16
5271.43  2.348484E-16
5272.5  2.453326E-16
5273.57  2.387438E-16
5274.64  2.534299E-16
5275.71  2.363046E-16
5276.78  2.218728E-16
5277.85  2.273466E-16
5278.92  2.491285E-16
5279.99  2.587595E-16
5281.06  2.378459E-16
5282.13  2.382201E-16
5283.2  2.222767E-16
5284.27  2.101721E-16
5285.34  2.090995E-16
5286.41  2.297181E-16
5287.48  2.504143E-16
5288.55  2.431437E-16
5289.62  2.494156E-16
5290.69  2.626963E-16
5291.76  2.325966E-16
5292.83  2.508152E-16
5293.9  2.547677E-16
5294.97  2.336806E-16
5296.04  2.301912E-16
5297.11  2.303046E-16
5298.18  2.375334E-16
5299.25  2.514642E-16
5300.32  2.472438E-16
5301.39  2.117462E-16
5302.46  1.990919E-16
5303.53  2.396318E-16
5304.6  2.369414E-16
5305.67  2.107701E-16
5306.74  2.261037E-16
5307.81  2.529399E-16
5308.88  2.592340E-16
5309.95  2.419867E-16
5311.02  2.009614E-16
5312.09  2.053802E-16
5313.16  2.268630E-16
5314.23  2.551157E-16
5315.3  2.348678E-16
5316.37  2.308364E-16
5317.44  2.311599E-16
5318.51  2.329594E-16
5319.58  2.436226E-16
5320.65  2.337961E-16
5321.72  2.438592E-16
5322.79  2.337009E-16
5323.86  2.150507E-16
5324.93  2.191889E-16
5326.  2.199082E-16
5327.07  2.462418E-16
5328.14  2.535331E-16
5329.21  2.782973E-16
5330.28  2.521991E-16
5331.35  2.409053E-16
5332.42  2.288082E-16
5333.49  2.467864E-16
5334.56  2.468938E-16
5335.63  2.524787E-16
5336.7  2.457976E-16
5337.77  2.373636E-16
5338.84  2.430943E-16
5339.91  2.251143E-16
5340.98  2.415508E-16
5342.05  2.638025E-16
5343.12  2.705987E-16
5344.19  2.572988E-16
5345.26  2.729075E-16
5346.33  2.688381E-16
5347.4  2.636918E-16
5348.47  2.403130E-16
5349.54  2.220551E-16
5350.61  2.013020E-16
5351.68  2.166897E-16
5352.75  2.536037E-16
5353.82  2.652042E-16
5354.89  2.532443E-16
5355.96  2.462086E-16
5357.03  2.568976E-16
5358.1  2.664791E-16
5359.17  2.565579E-16
5360.24  2.259145E-16
5361.31  2.270058E-16
5362.38  2.368918E-16
5363.45  2.514506E-16
5364.52  2.452708E-16
5365.59  2.226154E-16
5366.66  2.411292E-16
5367.73  2.492540E-16
5368.8  2.304938E-16
5369.87  2.273222E-16
5370.94  2.462428E-16
5372.01  2.461623E-16
5373.08  2.472929E-16
5374.15  2.601463E-16
5375.22  2.576737E-16
5376.29  2.422312E-16
5377.36  2.430100E-16
5378.43  2.483052E-16
5379.5  2.318480E-16
5380.57  2.186452E-16
5381.64  2.289731E-16
5382.71  2.478387E-16
5383.78  2.536194E-16
5384.85  2.396783E-16
5385.92  2.378006E-16
5386.99  2.509167E-16
5388.06  2.398196E-16
5389.13  2.198387E-16
5390.2  2.256708E-16
5391.27  2.526919E-16
5392.34  2.574108E-16
5393.41  2.434797E-16
5394.48  2.341968E-16
5395.55  2.216083E-16
5396.62  2.129087E-16
5397.69  2.329506E-16
5398.76  2.205977E-16
5399.83  2.201379E-16
5400.9  2.333753E-16
5401.97  2.609266E-16
5403.04  2.578907E-16
5404.11  2.267856E-16
5405.18  2.059273E-16
5406.25  2.219187E-16
5407.32  2.136216E-16
5408.39  2.138698E-16
5409.46  2.420382E-16
5410.53  2.285811E-16
5411.6  2.391992E-16
5412.67  2.022725E-16
5413.74  2.166238E-16
5414.81  2.439738E-16
5415.88  2.082533E-16
5416.95  2.140919E-16
5418.02  2.221536E-16
5419.09  2.108396E-16
5420.16  2.452034E-16
5421.23  2.042881E-16
5422.3  2.028327E-16
5423.37  2.259559E-16
5424.44  2.483824E-16
5425.51  2.683476E-16
5426.58  1.980933E-16
5427.65  1.675080E-16
5428.72  1.871597E-16
5429.79  2.163709E-16
5430.86  2.193075E-16
5431.93  1.934814E-16
5433.  2.028458E-16
5434.07  2.129078E-16
5435.14  2.032305E-16
5436.21  2.056901E-16
5437.28  1.975710E-16
5438.35  1.918781E-16
5439.42  2.015975E-16
5440.49  2.081808E-16
5441.56  2.425685E-16
5442.63  1.978156E-16
5443.7  2.075158E-16
5444.77  2.243965E-16
5445.84  2.478800E-16
5446.91  2.571447E-16
5447.98  1.922329E-16
5449.05  2.254110E-16
5450.12  2.702734E-16
5451.19  2.056683E-16
5452.26  1.619377E-16
5453.33  2.105543E-16
5454.4  2.316092E-16
5455.47  2.178473E-16
5456.54  2.380895E-16
5457.61  2.295061E-16
5458.68  2.605036E-16
5459.75  2.388474E-16
5460.82  2.109909E-16
5461.89  2.299074E-16
5462.96  2.132002E-16
5464.03  2.222960E-16
5465.1  2.303538E-16
5466.17  1.843029E-16
5467.24  2.161307E-16
5468.31  2.220039E-16
5469.38  2.424202E-16
5470.45  2.359595E-16
5471.52  2.413984E-16
5472.59  2.354562E-16
5473.66  2.060727E-16
5474.73  2.329747E-16
5475.8  2.518797E-16
5476.87  2.351456E-16
5477.94  2.241748E-16
5479.01  2.043395E-16
5480.08  2.024607E-16
5481.15  2.101295E-16
5482.22  2.331989E-16
5483.29  2.310467E-16
5484.36  2.034131E-16
5485.43  2.166768E-16
5486.5  1.970422E-16
5487.57  1.806178E-16
5488.64  2.327132E-16
5489.71  2.071789E-16
5490.78  1.578153E-16
5491.85  2.134027E-16
5492.92  2.317661E-16
5493.99  2.121265E-16
5495.06  2.192325E-16
5496.13  2.480429E-16
5497.2  2.331207E-16
5498.27  2.099946E-16
5499.34  2.208460E-16
5500.41  2.139966E-16
5501.48  1.920563E-16
5502.55  2.329336E-16
5503.62  2.218066E-16
5504.69  2.101416E-16
5505.76  2.013679E-16
5506.83  2.532206E-16
5507.9  2.842263E-16
5508.97  1.862965E-16
5510.04  2.134017E-16
5511.11  2.789432E-16
5512.18  1.932467E-16
5513.25  1.920805E-16
5514.32  2.806346E-16
5515.39  3.052408E-16
5516.46  2.893718E-16
5517.53  2.347447E-16
5518.6  2.137879E-16
5519.67  2.683518E-16
5520.74  2.577567E-16
5521.81  2.242011E-16
5522.88  3.007953E-16
5523.95  2.551904E-16
5525.02  1.786875E-16
5526.09  2.597406E-16
5527.16  2.763080E-16
5528.23  2.228930E-16
5529.3  2.325141E-16
5530.37  2.603198E-16
5531.44  3.217155E-16
5532.51  2.675075E-16
5533.58  2.223841E-16
5534.65  2.721927E-16
5535.72  2.479208E-16
5536.79  2.570663E-16
5537.86  2.907658E-16
5538.93  2.979155E-16
5540.  2.538725E-16
5541.07  1.874806E-16
5542.14  2.321559E-16
5543.21  3.367811E-16
5544.28  3.233955E-16
5545.35  2.348370E-16
5546.42  2.128575E-16
5547.49  2.145401E-16
5548.56  2.799229E-16
5549.63  2.914238E-16
5550.7  1.941761E-16
5551.77  2.112547E-16
5552.84  2.715307E-16
5553.91  2.801704E-16
5554.98  3.009976E-16
5556.05  2.666803E-16
5557.12  2.145880E-16
5558.19  1.989012E-16
5559.26  2.849374E-16
5560.33  3.040455E-16
5561.4  2.275020E-16
5562.47  2.709592E-16
5563.54  2.542670E-16
5564.61  2.248403E-16
5565.68  2.745039E-16
5566.75  2.959459E-16
5567.82  3.206521E-16
5568.89  2.804004E-16
5569.96  2.014809E-16
5571.03  1.884874E-16
5572.1  2.006447E-16
5573.17  2.254423E-16
5574.24  2.062356E-16
5575.31  2.815562E-16
5576.38  2.069211E-16
5577.45  2.021370E-17
5578.52  1.331811E-16
5579.59  2.548667E-16
5580.66  2.341429E-16
5581.73  2.199911E-16
5582.8  2.118228E-16
5583.87  1.919377E-16
5584.94  1.437296E-16
5586.01  1.662348E-16
5587.08  2.672105E-16
5588.15  3.102619E-16
5589.22  2.310565E-16
5590.29  2.006201E-16
5591.36  2.173243E-16
5592.43  1.357894E-16
5593.5  1.842002E-16
5594.57  2.502083E-16
5595.64  2.597481E-16
5596.71  2.362898E-16
5597.78  2.240758E-16
5598.85  2.007846E-16
5599.92  1.304366E-16
5600.99  1.889772E-16
5602.06  2.320542E-16
5603.13  1.675560E-16
5604.2  1.764986E-16
5605.27  3.161230E-16
5606.34  2.846449E-16
5607.41  3.118404E-16
5608.48  1.805940E-16
5609.55  1.946275E-16
5610.62  2.560275E-16
5611.69  2.315371E-16
5612.76  2.762878E-16
5613.83  2.197158E-16
5614.9  2.289533E-16
5615.97  2.254044E-16
5617.04  2.204257E-16
5618.11  1.848075E-16
5619.18  2.034253E-16
5620.25  2.013976E-16
5621.32  2.011204E-16
5622.39  2.368679E-16
5623.46  2.766830E-16
5624.53  2.384723E-16
5625.6  1.036411E-16
5626.67  2.555918E-16
5627.74  2.899945E-16
5628.81  1.901969E-16
5629.88  3.445033E-16
5630.95  2.935004E-16
5632.02  1.764253E-16
5633.09  1.780962E-16
5634.16  2.408597E-16
5635.23  2.004086E-16
5636.3  2.107783E-16
5637.37  2.681476E-16
5638.44  2.055054E-16
5639.51  2.671014E-16
5640.58  3.545959E-16
5641.65  1.089040E-16
5642.72  6.428031E-17
5643.79  1.247049E-16
5644.86  3.784056E-17
5645.93  1.998865E-16
5647.  2.113704E-16
5648.07  2.683339E-16
5649.14  1.771470E-16
5650.21  1.867563E-16
5651.28  1.953650E-16
5652.35  1.308833E-16
5653.42  1.606308E-16
5654.49  2.373691E-16
5655.56  1.696410E-16
5656.63  2.105352E-17
5657.7  8.468014E-17
5658.77  3.193231E-16
5659.84  1.389374E-16
5660.91  1.310042E-16
5661.98  5.318640E-16
5663.05  4.361111E-16
5664.12  3.230772E-16
5665.19  3.607118E-16
5666.26  4.410059E-16
5667.33  5.312509E-16
5668.4  1.973802E-16
5669.47  3.380197E-16
5670.54  1.764139E-16
5671.61  1.051551E-16
5672.68  2.102039E-16
5673.75  2.989066E-16
5674.82  2.069770E-16
5675.89  3.278407E-18
5676.96  1.318712E-17
5678.03  1.995328E-16
5679.1  5.353381E-16
5680.17  4.875576E-16
5681.24  5.767374E-16
5682.31  5.453846E-16
5683.38  5.283732E-16
5684.45  1.800326E-16
5685.52  5.983191E-16
5686.59  8.383478E-16
5687.66  3.810413E-16
5688.73  2.302252E-16
5689.8  1.796143E-16
5690.87  2.657518E-16
5691.94  3.557581E-16
5693.01  2.521330E-16
5694.08  9.199587E-16
5695.15  3.193687E-16
5696.22  3.059664E-18
5697.29  5.474769E-16
5698.36  3.072244E-16
5699.43  -1.409071E-17
5700.5  5.782059E-16
