3400.  9.061226E-16
3401.07  6.983735E-16
3402.14  7.974959E-16
3403.21  9.812821E-16
3404.28  1.029159E-15
3405.35  9.902529E-16
3406.42  8.177811E-16
3407.49  8.091468E-16
3408.56  8.559216E-16
3409.63  8.838592E-16
3410.7  8.591022E-16
3411.77  8.530949E-16
3412.84  7.731057E-16
3413.91  7.599349E-16
3414.98  8.623356E-16
3416.05  9.320949E-16
3417.12  8.194276E-16
3418.19  8.398793E-16
3419.26  8.681364E-16
3420.33  8.214824E-16
3421.4  7.384484E-16
3422.47  7.459829E-16
3423.54  7.516594E-16
3424.61  8.509296E-16
3425.68  7.259985E-16
3426.75  6.638167E-16
3427.82  7.698784E-16
3428.89  7.208925E-16
3429.96  5.916167E-16
3431.03  6.766475E-16
3432.1  6.112266E-16
3433.17  6.536363E-16
3434.24  6.435179E-16
3435.31  6.996972E-16
3436.38  6.142464E-16
3437.45  5.810375E-16
3438.52  6.054048E-16
3439.59  5.862444E-16
3440.66  6.555029E-16
3441.73  6.345716E-16
3442.8  6.205985E-16
3443.87  6.665181E-16
3444.94  6.510482E-16
3446.01  6.728908E-16
3447.08  7.466610E-16
3448.15  6.973824E-16
3449.22  7.600908E-16
3450.29  8.403296E-16
3451.36  7.491682E-16
3452.43  6.571344E-16
3453.5  6.323659E-16
3454.57  7.790890E-16
3455.64  8.197862E-16
3456.71  8.293867E-16
3457.78  7.209464E-16
3458.85  7.037211E-16
3459.92  7.711710E-16
3460.99  6.785076E-16
3462.06  7.984784E-16
3463.13  7.185906E-16
3464.2  6.701362E-16
3465.27  7.651708E-16
3466.34  7.088953E-16
3467.41  7.518678E-16
3468.48  7.072436E-16
3469.55  6.540281E-16
3470.62  6.728959E-16
3471.69  6.503067E-16
3472.76  8.013233E-16
3473.83  7.282184E-16
3474.9  6.995280E-16
3475.97  6.262846E-16
3477.04  6.453882E-16
3478.11  5.875366E-16
3479.18  5.819175E-16
3480.25  7.158744E-16
3481.32  7.817394E-16
3482.39  6.038427E-16
3483.46  6.116255E-16
3484.53  6.170705E-16
3485.6  5.514956E-16
3486.67  6.464325E-16
3487.74  6.106164E-16
3488.81  6.301755E-16
3489.88  6.233397E-16
3490.95  5.230296E-16
3492.02  5.033390E-16
3493.09  6.458428E-16
3494.16  5.618553E-16
3495.23  4.987724E-16
3496.3  5.689324E-16
3497.37  5.612241E-16
3498.44  6.203119E-16
3499.51  7.011765E-16
3500.58  6.255772E-16
3501.65  5.504171E-16
3502.72  5.389453E-16
3503.79  5.908978E-16
3504.86  5.690596E-16
3505.93  6.017300E-16
3507.  5.962163E-16
3508.07  6.085547E-16
3509.14  6.994480E-16
3510.21  6.111685E-16
3511.28  6.249000E-16
3512.35  6.470055E-16
3513.42  6.535527E-16
3514.49  6.651083E-16
3515.56  7.221478E-16
3516.63  5.749258E-16
3517.7  6.592571E-16
3518.77  5.976162E-16
3519.84  5.952547E-16
3520.91  6.364621E-16
3521.98  7.240413E-16
3523.05  8.374589E-16
3524.12  7.024434E-16
3525.19  6.957393E-16
3526.26  7.435084E-16
3527.33  7.719076E-16
3528.4  7.014903E-16
3529.47  6.928209E-16
3530.54  7.125870E-16
3531.61  7.244011E-16
3532.68  7.977174E-16
3533.75  7.129441E-16
3534.82  8.013386E-16
3535.89  7.616970E-16
3536.96  7.488942E-16
3538.03  7.452283E-16
3539.1  8.139870E-16
3540.17  8.044020E-16
3541.24  7.624322E-16
3542.31  7.686806E-16
3543.38  8.429185E-16
3544.45  7.662247E-16
3545.52  7.648081E-16
3546.59  5.959434E-16
3547.66  6.718351E-16
3548.73  7.250365E-16
3549.8  6.970219E-16
3550.87  6.813387E-16
3551.94  6.548710E-16
3553.01  6.849899E-16
3554.08  7.176505E-16
3555.15  6.349952E-16
3556.22  6.353087E-16
3557.29  6.012520E-16
3558.36  6.769577E-16
3559.43  7.267874E-16
3560.5  6.558260E-16
3561.57  5.621293E-16
3562.64  6.076388E-16
3563.71  5.439337E-16
3564.78  5.290506E-16
3565.85  5.432137E-16
3566.92  5.445409E-16
3567.99  5.647384E-16
3569.06  5.545986E-16
3570.13  5.541948E-16
3571.2  5.984034E-16
3572.27  5.504707E-16
3573.34  5.016756E-16
3574.41  5.142582E-16
3575.48  5.625254E-16
3576.55  5.988673E-16
3577.62  5.802660E-16
3578.69  5.554716E-16
3579.76  6.126775E-16
3580.83  6.119109E-16
3581.9  5.554500E-16
3582.97  5.661458E-16
3584.04  5.981109E-16
3585.11  6.167281E-16
3586.18  5.322974E-16
3587.25  5.945059E-16
3588.32  6.197348E-16
3589.39  5.617480E-16
3590.46  6.984564E-16
3591.53  7.296165E-16
3592.6  6.198980E-16
3593.67  5.305044E-16
3594.74  5.720116E-16
3595.81  6.304901E-16
3596.88  6.547452E-16
3597.95  6.850357E-16
3599.02  6.650657E-16
3600.09  6.708692E-16
3601.16  6.710199E-16
3602.23  6.075448E-16
3603.3  5.190879E-16
3604.37  5.260248E-16
3605.44  6.228736E-16
3606.51  6.225036E-16
3607.58  6.386569E-16
3608.65  7.077876E-16
3609.72  7.091774E-16
3610.79  6.171171E-16
3611.86  6.839194E-16
3612.93  7.458701E-16
3614.  6.471451E-16
3615.07  6.435398E-16
3616.14  6.817651E-16
3617.21  6.918137E-16
3618.28  6.589819E-16
3619.35  6.971031E-16
3620.42  7.094207E-16
3621.49  6.993279E-16
3622.56  6.015179E-16
3623.63  5.929476E-16
3624.7  6.041242E-16
3625.77  5.802893E-16
3626.84  6.147265E-16
3627.91  7.077734E-16
3628.98  7.061439E-16
3630.05  5.869768E-16
3631.12  6.187286E-16
3632.19  7.260824E-16
3633.26  5.879259E-16
3634.33  4.548877E-16
3635.4  5.373524E-16
3636.47  6.280910E-16
3637.54  5.900827E-16
3638.61  6.139943E-16
3639.68  5.726142E-16
3640.75  4.843473E-16
3641.82  5.169924E-16
3642.89  5.149083E-16
3643.96  5.455300E-16
3645.03  5.729745E-16
3646.1  5.383572E-16
3647.17  5.310393E-16
3648.24  4.957471E-16
3649.31  4.816880E-16
3650.38  5.064459E-16
3651.45  4.995345E-16
3652.52  4.941346E-16
3653.59  4.882760E-16
3654.66  4.922777E-16
3655.73  5.373713E-16
3656.8  5.659906E-16
3657.87  5.104431E-16
3658.94  4.684023E-16
3660.01  4.689935E-16
3661.08  4.440343E-16
3662.15  4.630648E-16
3663.22  4.876869E-16
3664.29  4.734041E-16
3665.36  4.650060E-16
3666.43  4.386953E-16
3667.5  4.588455E-16
3668.57  5.199733E-16
3669.64  5.314914E-16
3670.71  5.220673E-16
3671.78  4.940117E-16
3672.85  5.157273E-16
3673.92  5.004859E-16
3674.99  5.050395E-16
3676.06  5.066073E-16
3677.13  5.454537E-16
3678.2  4.903336E-16
3679.27  4.748948E-16
3680.34  4.825112E-16
3681.41  5.667328E-16
3682.48  5.624568E-16
3683.55  5.830974E-16
3684.62  5.572332E-16
3685.69  5.518322E-16
3686.76  5.525093E-16
3687.83  5.884384E-16
3688.9  6.162209E-16
3689.97  6.190753E-16
3691.04  6.391399E-16
3692.11  5.954575E-16
3693.18  5.932526E-16
3694.25  5.905638E-16
3695.32  5.984179E-16
3696.39  6.237157E-16
3697.46  6.631141E-16
3698.53  6.010116E-16
3699.6  5.651436E-16
3700.67  6.245926E-16
3701.74  6.734135E-16
3702.81  6.920406E-16
3703.88  6.927892E-16
3704.95  6.276229E-16
3706.02  6.242841E-16
3707.09  5.804284E-16
3708.16  6.527411E-16
3709.23  5.784835E-16
3710.3  6.074932E-16
3711.37  6.327405E-16
3712.44  6.039632E-16
3713.51  5.968973E-16
3714.58  6.436465E-16
3715.65  6.243252E-16
3716.72  6.434304E-16
3717.79  5.703253E-16
3718.86  5.145625E-16
3719.93  5.631735E-16
3721.  5.675577E-16
3722.07  6.148404E-16
3723.14  5.000384E-16
3724.21  5.086971E-16
3725.28  5.660180E-16
3726.35  6.385759E-16
3727.42  6.197187E-16
3728.49  5.139006E-16
3729.56  4.738729E-16
3730.63  5.325525E-16
3731.7  5.284832E-16
3732.77  4.939511E-16
3733.84  4.884277E-16
3734.91  4.547583E-16
3735.98  5.036107E-16
3737.05  5.351811E-16
3738.12  4.753781E-16
3739.19  4.354791E-16
3740.26  4.532366E-16
3741.33  4.670134E-16
3742.4  4.177878E-16
3743.47  4.452356E-16
3744.54  4.285035E-16
3745.61  4.198496E-16
3746.68  4.414856E-16
3747.75  4.366026E-16
3748.82  4.347770E-16
3749.89  4.582125E-16
3750.96  4.920379E-16
3752.03  4.403493E-16
3753.1  4.937182E-16
3754.17  5.133409E-16
3755.24  5.360739E-16
3756.31  4.781706E-16
3757.38  4.569391E-16
3758.45  4.349006E-16
3759.52  4.890953E-16
3760.59  4.905793E-16
3761.66  4.172242E-16
3762.73  4.379424E-16
3763.8  4.555830E-16
3764.87  4.222875E-16
3765.94  4.102711E-16
3767.01  4.430972E-16
3768.08  4.354350E-16
3769.15  4.801466E-16
3770.22  4.475240E-16
3771.29  4.424972E-16
3772.36  4.625272E-16
3773.43  4.361550E-16
3774.5  4.444959E-16
3775.57  4.679035E-16
3776.64  4.951038E-16
3777.71  4.515757E-16
3778.78  4.400994E-16
3779.85  4.490313E-16
3780.92  4.253677E-16
3781.99  4.061333E-16
3783.06  4.320352E-16
3784.13  4.865064E-16
3785.2  4.744956E-16
3786.27  4.549767E-16
3787.34  4.508972E-16
3788.41  4.772300E-16
3789.48  4.823980E-16
3790.55  4.855856E-16
3791.62  4.857194E-16
3792.69  4.640142E-16
3793.76  4.861965E-16
3794.83  5.214864E-16
3795.9  5.233007E-16
3796.97  4.729432E-16
3798.04  4.389882E-16
3799.11  4.350026E-16
3800.18  5.181884E-16
3801.25  5.547422E-16
3802.32  4.591800E-16
3803.39  4.760405E-16
3804.46  5.255759E-16
3805.53  5.275285E-16
3806.6  5.320281E-16
3807.67  5.355811E-16
3808.74  5.569150E-16
3809.81  5.634817E-16
3810.88  5.485372E-16
3811.95  5.242064E-16
3813.02  5.692897E-16
3814.09  5.751996E-16
3815.16  6.149859E-16
3816.23  6.156150E-16
3817.3  5.831966E-16
3818.37  5.499897E-16
3819.44  5.610819E-16
3820.51  5.717540E-16
3821.58  5.262381E-16
3822.65  4.976222E-16
3823.72  5.306205E-16
3824.79  5.282615E-16
3825.86  5.393845E-16
3826.93  5.156031E-16
3828.  4.499563E-16
3829.07  4.939314E-16
3830.14  5.425546E-16
3831.21  5.252612E-16
3832.28  5.507556E-16
3833.35  5.379517E-16
3834.42  4.679747E-16
3835.49  4.343625E-16
3836.56  4.699097E-16
3837.63  4.603616E-16
3838.7  4.922848E-16
3839.77  5.029281E-16
3840.84  4.809529E-16
3841.91  4.914004E-16
3842.98  4.731650E-16
3844.05  4.924066E-16
3845.12  5.208380E-16
3846.19  5.137161E-16
3847.26  4.849937E-16
3848.33  4.866621E-16
3849.4  4.708653E-16
3850.47  4.797386E-16
3851.54  5.217426E-16
3852.61  5.123159E-16
3853.68  4.710091E-16
3854.75  4.626699E-16
3855.82  4.824831E-16
3856.89  4.966522E-16
3857.96  5.061346E-16
3859.03  4.874029E-16
3860.1  5.060386E-16
3861.17  4.840643E-16
3862.24  4.879930E-16
3863.31  5.461691E-16
3864.38  5.472008E-16
3865.45  5.193365E-16
3866.52  5.288035E-16
3867.59  4.846276E-16
3868.66  4.932927E-16
3869.73  5.216485E-16
3870.8  5.109358E-16
3871.87  4.847561E-16
3872.94  4.774664E-16
3874.01  4.701699E-16
3875.08  4.890236E-16
3876.15  4.776677E-16
3877.22  4.495876E-16
3878.29  4.900360E-16
3879.36  4.395610E-16
3880.43  4.126159E-16
3881.5  4.021426E-16
3882.57  4.111412E-16
3883.64  4.023039E-16
3884.71  4.260722E-16
3885.78  4.271944E-16
3886.85  4.398596E-16
3887.92  4.058081E-16
3888.99  3.354298E-16
3890.06  3.720529E-16
3891.13  4.140435E-16
3892.2  3.875126E-16
3893.27  3.954508E-16
3894.34  3.897711E-16
3895.41  3.896412E-16
3896.48  3.906075E-16
3897.55  4.040633E-16
3898.62  4.540648E-16
3899.69  4.780161E-16
3900.76  4.940998E-16
3901.83  5.141520E-16
3902.9  4.312445E-16
3903.97  4.632564E-16
3905.04  4.997862E-16
3906.11  4.960516E-16
3907.18  4.871131E-16
3908.25  5.066452E-16
3909.32  5.131627E-16
3910.39  5.164917E-16
3911.46  5.513444E-16
3912.53  5.654611E-16
3913.6  5.611062E-16
3914.67  5.594546E-16
3915.74  5.508110E-16
3916.81  5.165823E-16
3917.88  4.994600E-16
3918.95  5.225174E-16
3920.02  5.297932E-16
3921.09  5.207248E-16
3922.16  5.003528E-16
3923.23  5.558660E-16
3924.3  5.676477E-16
3925.37  5.367745E-16
3926.44  5.386656E-16
3927.51  5.537019E-16
3928.58  5.699327E-16
3929.65  5.672509E-16
3930.72  5.622481E-16
3931.79  5.749106E-16
3932.86  5.590730E-16
3933.93  5.228030E-16
3935.  5.503619E-16
3936.07  5.523529E-16
3937.14  5.332896E-16
3938.21  5.654318E-16
3939.28  5.202644E-16
3940.35  4.928947E-16
3941.42  5.140574E-16
3942.49  5.268725E-16
3943.56  5.301588E-16
3944.63  5.023348E-16
3945.7  4.936425E-16
3946.77  5.251457E-16
3947.84  5.391226E-16
3948.91  5.179572E-16
3949.98  4.694474E-16
3951.05  4.841625E-16
3952.12  5.194866E-16
3953.19  4.561132E-16
3954.26  4.300377E-16
3955.33  4.601554E-16
3956.4  4.766680E-16
3957.47  4.536807E-16
3958.54  4.158090E-16
3959.61  4.185022E-16
3960.68  4.345851E-16
3961.75  3.879499E-16
3962.82  3.982906E-16
3963.89  3.483458E-16
3964.96  2.938799E-16
3966.03  3.765967E-16
3967.1  3.974688E-16
3968.17  3.550027E-16
3969.24  3.209206E-16
3970.31  3.403601E-16
3971.38  3.430565E-16
3972.45  3.367768E-16
3973.52  3.356823E-16
3974.59  3.361540E-16
3975.66  3.383003E-16
3976.73  3.602984E-16
3977.8  3.923349E-16
3978.87  3.911328E-16
3979.94  4.110802E-16
3981.01  4.204217E-16
3982.08  4.207137E-16
3983.15  3.992583E-16
3984.22  4.378513E-16
3985.29  4.475096E-16
3986.36  4.631542E-16
3987.43  4.790209E-16
3988.5  4.848937E-16
3989.57  5.280183E-16
3990.64  5.224487E-16
3991.71  5.182846E-16
3992.78  5.138185E-16
3993.85  5.253540E-16
3994.92  5.014516E-16
3995.99  5.356179E-16
3997.06  5.557408E-16
3998.13  5.226688E-16
3999.2  4.891961E-16
4000.27  5.286015E-16
4001.34  5.354634E-16
4002.41  5.388423E-16
4003.48  5.573243E-16
4004.55  5.740862E-16
4005.62  5.749208E-16
4006.69  5.498927E-16
4007.76  5.153417E-16
4008.83  5.698791E-16
4009.9  5.761386E-16
4010.97  5.509913E-16
4012.04  5.155152E-16
4013.11  5.182691E-16
4014.18  5.395784E-16
4015.25  5.793392E-16
4016.32  5.220884E-16
4017.39  5.551757E-16
4018.46  5.019012E-16
4019.53  5.267547E-16
4020.6  5.826039E-16
4021.67  5.388544E-16
4022.74  4.868356E-16
4023.81  5.241793E-16
4024.88  5.991375E-16
4025.95  5.629702E-16
4027.02  5.810558E-16
4028.09  5.242490E-16
4029.16  5.447846E-16
4030.23  5.290939E-16
4031.3  5.352899E-16
4032.37  5.344267E-16
4033.44  5.643212E-16
4034.51  5.310430E-16
4035.58  5.549842E-16
4036.65  6.076826E-16
4037.72  5.677491E-16
4038.79  5.204840E-16
4039.86  5.481051E-16
4040.93  5.254000E-16
4042.  5.421280E-16
4043.07  5.580048E-16
4044.14  5.383234E-16
4045.21  5.414641E-16
4046.28  5.817728E-16
4047.35  6.026672E-16
4048.42  5.259151E-16
4049.49  5.486628E-16
4050.56  5.669459E-16
4051.63  5.353628E-16
4052.7  5.105389E-16
4053.77  5.052879E-16
4054.84  5.191295E-16
4055.91  5.223106E-16
4056.98  5.441181E-16
4058.05  5.344497E-16
4059.12  5.111991E-16
4060.19  5.161462E-16
4061.26  5.470490E-16
4062.33  5.311732E-16
4063.4  4.958072E-16
4064.47  5.213449E-16
4065.54  5.435679E-16
4066.61  5.333051E-16
4067.68  5.064820E-16
4068.75  5.003714E-16
4069.82  4.998188E-16
4070.89  5.230666E-16
4071.96  5.342124E-16
4073.03  5.472695E-16
4074.1  5.582668E-16
4075.17  5.313951E-16
4076.24  5.245249E-16
4077.31  4.971222E-16
4078.38  4.761090E-16
4079.45  4.687516E-16
4080.52  4.791851E-16
4081.59  4.643292E-16
4082.66  4.247825E-16
4083.73  4.417395E-16
4084.8  4.735518E-16
4085.87  4.538425E-16
4086.94  4.584990E-16
4088.01  4.599665E-16
4089.08  4.157025E-16
4090.15  4.042603E-16
4091.22  3.716388E-16
4092.29  3.715340E-16
4093.36  3.606984E-16
4094.43  3.903763E-16
4095.5  3.875329E-16
4096.57  3.771274E-16
4097.64  3.682538E-16
4098.71  3.340605E-16
4099.78  3.061994E-16
4100.85  3.155991E-16
4101.92  3.206976E-16
4102.99  2.855736E-16
4104.06  3.072317E-16
4105.13  2.755755E-16
4106.2  2.878170E-16
4107.27  2.965643E-16
4108.34  3.049906E-16
4109.41  3.333551E-16
4110.48  3.482661E-16
4111.55  3.199833E-16
4112.62  3.689096E-16
4113.69  3.984286E-16
4114.76  3.636962E-16
4115.83  3.934268E-16
4116.9  4.030040E-16
4117.97  4.156158E-16
4119.04  4.206857E-16
4120.11  4.335667E-16
4121.18  4.077427E-16
4122.25  4.013812E-16
4123.32  4.265436E-16
4124.39  4.532743E-16
4125.46  4.316636E-16
4126.53  4.224250E-16
4127.6  4.505204E-16
4128.67  4.515291E-16
4129.74  4.421637E-16
4130.81  4.362764E-16
4131.88  4.695292E-16
4132.95  4.702438E-16
4134.02  4.474381E-16
4135.09  4.599159E-16
4136.16  4.940105E-16
4137.23  4.948038E-16
4138.3  4.851012E-16
4139.37  4.898510E-16
4140.44  4.988282E-16
4141.51  5.213281E-16
4142.58  5.148467E-16
4143.65  5.038931E-16
4144.72  5.319019E-16
4145.79  5.138535E-16
4146.86  4.646177E-16
4147.93  4.911289E-16
4149.  5.316801E-16
4150.07  5.210915E-16
4151.14  4.730684E-16
4152.21  4.758503E-16
4153.28  5.124611E-16
4154.35  5.331329E-16
4155.42  5.152214E-16
4156.49  5.068085E-16
4157.56  5.119742E-16
4158.63  5.390835E-16
4159.7  5.653167E-16
4160.77  5.044842E-16
4161.84  4.888741E-16
4162.91  5.060959E-16
4163.98  5.120967E-16
4165.05  5.301317E-16
4166.12  5.513459E-16
4167.19  5.594143E-16
4168.26  5.170367E-16
4169.33  5.026573E-16
4170.4  5.099611E-16
4171.47  5.410885E-16
4172.54  5.239397E-16
4173.61  5.296648E-16
4174.68  5.336741E-16
4175.75  5.681286E-16
4176.82  5.636833E-16
4177.89  5.322886E-16
4178.96  5.068586E-16
4180.03  5.172665E-16
4181.1  5.292864E-16
4182.17  5.113695E-16
4183.24  4.988850E-16
4184.31  5.121791E-16
4185.38  5.517714E-16
4186.45  5.306314E-16
4187.52  5.161691E-16
4188.59  5.799151E-16
4189.66  5.397350E-16
4190.73  5.293999E-16
4191.8  5.433711E-16
4192.87  5.586869E-16
4193.94  5.288233E-16
4195.01  5.440989E-16
4196.08  5.626277E-16
4197.15  5.116005E-16
4198.22  4.917300E-16
4199.29  5.185698E-16
4200.36  5.223014E-16
4201.43  5.290960E-16
4202.5  5.415005E-16
4203.57  5.575464E-16
4204.64  5.157363E-16
4205.71  5.216842E-16
4206.78  5.593358E-16
4207.85  5.339487E-16
4208.92  5.111069E-16
4209.99  5.060848E-16
4211.06  5.095058E-16
4212.13  5.206839E-16
4213.2  5.167880E-16
4214.27  5.289346E-16
4215.34  5.251564E-16
4216.41  5.097675E-16
4217.48  5.323206E-16
4218.55  5.218555E-16
4219.62  5.250605E-16
4220.69  5.581227E-16
4221.76  5.254297E-16
4222.83  5.018833E-16
4223.9  5.116940E-16
4224.97  5.052320E-16
4226.04  5.328034E-16
4227.11  5.538403E-16
4228.18  5.271632E-16
4229.25  5.343918E-16
4230.32  5.616963E-16
4231.39  5.352643E-16
4232.46  5.019893E-16
4233.53  5.444489E-16
4234.6  5.170330E-16
4235.67  5.106735E-16
4236.74  4.405176E-16
4237.81  4.593138E-16
4238.88  5.292345E-16
4239.95  5.007432E-16
4241.02  5.007290E-16
4242.09  5.247901E-16
4243.16  4.788328E-16
4244.23  5.143928E-16
4245.3  5.273386E-16
4246.37  4.914683E-16
4247.44  4.792783E-16
4248.51  5.362527E-16
4249.58  5.503401E-16
4250.65  5.255463E-16
4251.72  4.801734E-16
4252.79  4.623125E-16
4253.86  4.736307E-16
4254.93  4.768875E-16
4256.  4.799903E-16
4257.07  5.078171E-16
4258.14  5.168376E-16
4259.21  4.744016E-16
4260.28  4.674118E-16
4261.35  5.226977E-16
4262.42  4.693325E-16
4263.49  4.455097E-16
4264.56  4.694068E-16
4265.63  4.661245E-16
4266.7  4.689302E-16
4267.77  4.854946E-16
4268.84  4.842208E-16
4269.91  4.638358E-16
4270.98  4.267201E-16
4272.05  4.195016E-16
4273.12  4.492137E-16
4274.19  4.564109E-16
4275.26  4.394551E-16
4276.33  4.807925E-16
4277.4  4.918122E-16
4278.47  4.667306E-16
4279.54  4.897491E-16
4280.61  4.910282E-16
4281.68  4.939942E-16
4282.75  4.857317E-16
4283.82  4.629749E-16
4284.89  4.802615E-16
4285.96  4.798745E-16
4287.03  4.821238E-16
4288.1  4.614114E-16
4289.17  4.303543E-16
4290.24  4.586645E-16
4291.31  4.663781E-16
4292.38  4.655379E-16
4293.45  4.477179E-16
4294.52  4.233473E-16
4295.59  4.623729E-16
4296.66  4.624256E-16
4297.73  4.222411E-16
4298.8  4.383574E-16
4299.87  4.223798E-16
4300.94  4.301995E-16
4302.01  4.532507E-16
4303.08  4.327229E-16
4304.15  4.608237E-16
4305.22  4.260245E-16
4306.29  4.174862E-16
4307.36  4.092003E-16
4308.43  4.156520E-16
4309.5  4.100694E-16
4310.57  4.098068E-16
4311.64  4.229663E-16
4312.71  4.008584E-16
4313.78  4.067214E-16
4314.85  4.172121E-16
4315.92  3.980020E-16
4316.99  3.808818E-16
4318.06  3.754885E-16
4319.13  3.580854E-16
4320.2  3.511308E-16
4321.27  3.575445E-16
4322.34  3.839573E-16
4323.41  3.751885E-16
4324.48  3.839516E-16
4325.55  3.665090E-16
4326.62  3.515495E-16
4327.69  3.287688E-16
4328.76  3.384595E-16
4329.83  3.216419E-16
4330.9  3.227345E-16
4331.97  3.033575E-16
4333.04  2.911314E-16
4334.11  3.072382E-16
4335.18  3.218487E-16
4336.25  3.210618E-16
4337.32  2.860311E-16
4338.39  2.580614E-16
4339.46  2.218233E-16
4340.53  2.119851E-16
4341.6  2.094658E-16
4342.67  2.140788E-16
4343.74  2.246290E-16
4344.81  2.325142E-16
4345.88  2.313759E-16
4346.95  2.611332E-16
4348.02  3.052034E-16
4349.09  3.136735E-16
4350.16  3.100472E-16
4351.23  3.062661E-16
4352.3  3.027843E-16
4353.37  3.103693E-16
4354.44  3.273329E-16
4355.51  3.399986E-16
4356.58  3.522795E-16
4357.65  3.386588E-16
4358.72  3.273212E-16
4359.79  3.815850E-16
4360.86  3.986274E-16
4361.93  3.453562E-16
4363.  3.808016E-16
4364.07  3.883569E-16
4365.14  3.769623E-16
4366.21  3.992965E-16
4367.28  3.723273E-16
4368.35  3.512415E-16
4369.42  3.770983E-16
4370.49  3.922547E-16
4371.56  4.057706E-16
4372.63  3.968207E-16
4373.7  4.270173E-16
4374.77  4.245831E-16
4375.84  3.850222E-16
4376.91  3.865702E-16
4377.98  4.016306E-16
4379.05  4.047675E-16
4380.12  4.062198E-16
4381.19  4.138942E-16
4382.26  4.050817E-16
4383.33  4.415904E-16
4384.4  4.383430E-16
4385.47  4.100383E-16
4386.54  4.075685E-16
4387.61  3.975458E-16
4388.68  4.180589E-16
4389.75  4.204772E-16
4390.82  4.016600E-16
4391.89  4.317673E-16
4392.96  4.238897E-16
4394.03  4.257912E-16
4395.1  4.416166E-16
4396.17  4.270565E-16
4397.24  4.330188E-16
4398.31  4.606135E-16
4399.38  4.580805E-16
4400.45  4.483476E-16
4401.52  4.510487E-16
4402.59  4.398156E-16
4403.66  4.286525E-16
4404.73  4.283602E-16
4405.8  4.417896E-16
4406.87  4.326900E-16
4407.94  4.437033E-16
4409.01  4.520934E-16
4410.08  4.549988E-16
4411.15  4.560402E-16
4412.22  4.405108E-16
4413.29  4.607966E-16
4414.36  4.623621E-16
4415.43  4.526514E-16
4416.5  4.443188E-16
4417.57  4.215074E-16
4418.64  4.388072E-16
4419.71  4.282595E-16
4420.78  3.901188E-16
4421.85  3.951956E-16
4422.92  4.323789E-16
4423.99  4.553249E-16
4425.06  4.652138E-16
4426.13  4.562088E-16
4427.2  4.538593E-16
4428.27  4.854207E-16
4429.34  4.563963E-16
4430.41  4.493371E-16
4431.48  4.731123E-16
4432.55  4.183865E-16
4433.62  4.193964E-16
4434.69  4.531519E-16
4435.76  4.377548E-16
4436.83  4.104856E-16
4437.9  4.552650E-16
4438.97  4.445910E-16
4440.04  4.563315E-16
4441.11  4.229420E-16
4442.18  4.506510E-16
4443.25  4.591979E-16
4444.32  4.478528E-16
4445.39  4.384636E-16
4446.46  4.250272E-16
4447.53  4.101762E-16
4448.6  4.330046E-16
4449.67  4.407360E-16
4450.74  4.316096E-16
4451.81  4.620618E-16
4452.88  4.851397E-16
4453.95  4.132514E-16
4455.02  4.009416E-16
4456.09  4.292527E-16
4457.16  4.356311E-16
4458.23  4.705642E-16
4459.3  4.461531E-16
4460.37  4.310515E-16
4461.44  4.627415E-16
4462.51  4.708737E-16
4463.58  4.720024E-16
4464.65  4.517392E-16
4465.72  4.292599E-16
4466.79  4.302478E-16
4467.86  4.322729E-16
4468.93  4.231337E-16
4470.  4.269335E-16
4471.07  4.308829E-16
4472.14  4.315227E-16
4473.21  4.279791E-16
4474.28  4.220419E-16
4475.35  4.117962E-16
4476.42  4.369504E-16
4477.49  4.495591E-16
4478.56  4.093067E-16
4479.63  4.274247E-16
4480.7  4.535551E-16
4481.77  4.504472E-16
4482.84  4.469283E-16
4483.91  4.343418E-16
4484.98  4.482122E-16
4486.05  4.532115E-16
4487.12  4.286623E-16
4488.19  4.069143E-16
4489.26  3.820415E-16
4490.33  4.150840E-16
4491.4  4.400028E-16
4492.47  4.369895E-16
4493.54  4.495710E-16
4494.61  4.351410E-16
4495.68  4.144498E-16
4496.75  3.861238E-16
4497.82  4.110697E-16
4498.89  4.543002E-16
4499.96  4.242469E-16
4501.03  3.830488E-16
4502.1  4.606562E-16
4503.17  4.188118E-16
4504.24  3.996923E-16
4505.31  4.317141E-16
4506.38  4.302121E-16
4507.45  4.297018E-16
4508.52  4.418735E-16
4509.59  3.882208E-16
4510.66  3.564518E-16
4511.73  4.088836E-16
4512.8  3.996510E-16
4513.87  3.799334E-16
4514.94  4.097481E-16
4516.01  4.410728E-16
4517.08  4.210437E-16
4518.15  4.028741E-16
4519.22  3.945978E-16
4520.29  4.013436E-16
4521.36  4.354753E-16
4522.43  4.217557E-16
4523.5  4.419495E-16
4524.57  4.410511E-16
4525.64  4.253864E-16
4526.71  3.988486E-16
4527.78  4.073960E-16
4528.85  4.566815E-16
4529.92  4.452546E-16
4530.99  4.449761E-16
4532.06  4.191537E-16
4533.13  4.078575E-16
4534.2  4.260647E-16
4535.27  4.130654E-16
4536.34  4.297157E-16
4537.41  4.493971E-16
4538.48  4.215944E-16
4539.55  4.003868E-16
4540.62  4.080943E-16
4541.69  4.066793E-16
4542.76  4.339573E-16
4543.83  4.099278E-16
4544.9  3.715150E-16
4545.97  3.989371E-16
4547.04  4.047912E-16
4548.11  4.096034E-16
4549.18  3.765103E-16
4550.25  3.881870E-16
4551.32  3.923142E-16
4552.39  3.878944E-16
4553.46  4.051846E-16
4554.53  3.977428E-16
4555.6  3.509668E-16
4556.67  3.987165E-16
4557.74  4.234125E-16
4558.81  4.226581E-16
4559.88  4.080169E-16
4560.95  3.916687E-16
4562.02  3.801612E-16
4563.09  3.710489E-16
4564.16  4.215082E-16
4565.23  3.937010E-16
4566.3  3.770349E-16
4567.37  4.415422E-16
4568.44  4.164518E-16
4569.51  3.854938E-16
4570.58  3.782505E-16
4571.65  4.032429E-16
4572.72  4.155083E-16
4573.79  3.897478E-16
4574.86  4.112506E-16
4575.93  4.188015E-16
4577.  4.052790E-16
4578.07  3.966149E-16
4579.14  3.967633E-16
4580.21  4.000725E-16
4581.28  3.910572E-16
4582.35  4.093923E-16
4583.42  4.173972E-16
4584.49  3.695787E-16
4585.56  3.795918E-16
4586.63  3.800898E-16
4587.7  3.996330E-16
4588.77  4.151536E-16
4589.84  4.169810E-16
4590.91  4.124610E-16
4591.98  4.239184E-16
4593.05  4.429281E-16
4594.12  3.933326E-16
4595.19  3.700235E-16
4596.26  3.980125E-16
4597.33  4.260844E-16
4598.4  4.379117E-16
4599.47  4.131083E-16
4600.54  4.118407E-16
4601.61  4.106506E-16
4602.68  3.886827E-16
4603.75  3.912397E-16
4604.82  3.987963E-16
4605.89  3.887100E-16
4606.96  3.913810E-16
4608.03  3.885736E-16
4609.1  3.794213E-16
4610.17  4.075951E-16
4611.24  4.110121E-16
4612.31  3.887317E-16
4613.38  3.699007E-16
4614.45  3.735802E-16
4615.52  4.328513E-16
4616.59  4.170357E-16
4617.66  3.952735E-16
4618.73  3.740155E-16
4619.8  4.089470E-16
4620.87  3.866753E-16
4621.94  3.981119E-16
4623.01  3.949453E-16
4624.08  4.149908E-16
4625.15  3.753778E-16
4626.22  3.567743E-16
4627.29  3.708643E-16
4628.36  3.673841E-16
4629.43  3.770805E-16
4630.5  4.004195E-16
4631.57  4.123516E-16
4632.64  3.965341E-16
4633.71  3.896704E-16
4634.78  3.778738E-16
4635.85  4.246635E-16
4636.92  4.047609E-16
4637.99  4.044230E-16
4639.06  3.962647E-16
4640.13  4.045217E-16
4641.2  3.904574E-16
4642.27  3.748317E-16
4643.34  4.013463E-16
4644.41  4.062724E-16
4645.48  4.008450E-16
4646.55  3.914807E-16
4647.62  3.826825E-16
4648.69  3.894909E-16
4649.76  3.905069E-16
4650.83  4.067045E-16
4651.9  4.187394E-16
4652.97  3.779836E-16
4654.04  3.679639E-16
4655.11  3.588156E-16
4656.18  3.379524E-16
4657.25  3.721997E-16
4658.32  3.911615E-16
4659.39  3.641415E-16
4660.46  3.443093E-16
4661.53  3.790449E-16
4662.6  3.904912E-16
4663.67  3.775064E-16
4664.74  3.717829E-16
4665.81  3.705288E-16
4666.88  4.102688E-16
4667.95  3.547706E-16
4669.02  3.444518E-16
4670.09  3.801987E-16
4671.16  3.666895E-16
4672.23  3.380701E-16
4673.3  3.874752E-16
4674.37  3.960192E-16
4675.44  3.620082E-16
4676.51  3.297130E-16
4677.58  3.645276E-16
4678.65  3.660895E-16
4679.72  3.747379E-16
4680.79  3.606266E-16
4681.86  3.327955E-16
4682.93  3.483327E-16
4684.  3.506620E-16
4685.07  3.766239E-16
4686.14  3.238109E-16
4687.21  3.304423E-16
4688.28  3.429990E-16
4689.35  3.821086E-16
4690.42  3.679764E-16
4691.49  3.652137E-16
4692.56  3.747341E-16
4693.63  3.385831E-16
4694.7  3.504703E-16
4695.77  3.826064E-16
4696.84  3.591673E-16
4697.91  3.599165E-16
4698.98  3.488095E-16
4700.05  3.571933E-16
4701.12  3.602048E-16
4702.19  3.922902E-16
4703.26  3.665676E-16
4704.33  3.734519E-16
4705.4  3.812564E-16
4706.47  3.808317E-16
4707.54  3.799895E-16
4708.61  3.894419E-16
4709.68  3.685978E-16
4710.75  3.548388E-16
4711.82  3.887811E-16
4712.89  3.988677E-16
4713.96  4.070124E-16
4715.03  3.783978E-16
4716.1  3.599062E-16
4717.17  3.413793E-16
4718.24  3.425610E-16
4719.31  3.992355E-16
4720.38  3.898679E-16
4721.45  3.776364E-16
4722.52  3.573075E-16
4723.59  3.795168E-16
4724.66  3.808196E-16
4725.73  3.691526E-16
4726.8  3.624390E-16
4727.87  3.669116E-16
4728.94  3.832631E-16
4730.01  3.639779E-16
4731.08  3.812481E-16
4732.15  3.746345E-16
4733.22  3.955135E-16
4734.29  3.935477E-16
4735.36  3.467968E-16
4736.43  3.731755E-16
4737.5  3.985439E-16
4738.57  3.850523E-16
4739.64  3.778051E-16
4740.71  3.594048E-16
4741.78  3.631319E-16
4742.85  3.308505E-16
4743.92  3.608702E-16
4744.99  3.832067E-16
4746.06  4.040340E-16
4747.13  4.070496E-16
4748.2  3.965625E-16
4749.27  3.716584E-16
4750.34  3.551180E-16
4751.41  3.831752E-16
4752.48  4.124586E-16
4753.55  3.697256E-16
4754.62  3.778043E-16
4755.69  3.636512E-16
4756.76  3.584362E-16
4757.83  3.932918E-16
4758.9  3.607649E-16
4759.97  3.493425E-16
4761.04  3.480040E-16
4762.11  3.732422E-16
4763.18  4.061979E-16
4764.25  4.040566E-16
4765.32  3.681864E-16
4766.39  3.348486E-16
4767.46  3.236598E-16
4768.53  3.296740E-16
4769.6  3.564223E-16
4770.67  3.497664E-16
4771.74  3.121407E-16
4772.81  3.324511E-16
4773.88  3.520972E-16
4774.95  3.363957E-16
4776.02  3.291922E-16
4777.09  3.319475E-16
4778.16  3.452541E-16
4779.23  3.480521E-16
4780.3  3.614645E-16
4781.37  3.883341E-16
4782.44  3.778590E-16
4783.51  3.532774E-16
4784.58  3.461353E-16
4785.65  3.432966E-16
4786.72  3.572454E-16
4787.79  3.425688E-16
4788.86  3.456933E-16
4789.93  3.553716E-16
4791.  3.477846E-16
4792.07  3.278230E-16
4793.14  3.396951E-16
4794.21  3.318509E-16
4795.28  3.268561E-16
4796.35  3.542862E-16
4797.42  3.421600E-16
4798.49  3.316257E-16
4799.56  3.321548E-16
4800.63  3.193281E-16
4801.7  3.350091E-16
4802.77  3.201035E-16
4803.84  3.283442E-16
4804.91  3.377881E-16
4805.98  3.305452E-16
4807.05  3.646227E-16
4808.12  3.565430E-16
4809.19  3.368346E-16
4810.26  3.541534E-16
4811.33  3.237515E-16
4812.4  2.965941E-16
4813.47  3.216843E-16
4814.54  3.295242E-16
4815.61  3.289843E-16
4816.68  3.047992E-16
4817.75  2.948501E-16
4818.82  3.309710E-16
4819.89  3.574307E-16
4820.96  3.525810E-16
4822.03  3.411265E-16
4823.1  3.357414E-16
4824.17  3.531920E-16
4825.24  3.388446E-16
4826.31  3.243383E-16
4827.38  3.275273E-16
4828.45  3.142886E-16
4829.52  3.025332E-16
4830.59  2.947285E-16
4831.66  2.851075E-16
4832.73  2.925010E-16
4833.8  2.958010E-16
4834.87  2.645493E-16
4835.94  2.764310E-16
4837.01  2.934198E-16
4838.08  2.863316E-16
4839.15  3.023080E-16
4840.22  2.848756E-16
4841.29  2.747171E-16
4842.36  2.702568E-16
4843.43  2.451707E-16
4844.5  2.537296E-16
4845.57  2.556122E-16
4846.64  2.518871E-16
4847.71  2.850661E-16
4848.78  2.891885E-16
4849.85  2.611748E-16
4850.92  2.309991E-16
4851.99  2.342343E-16
4853.06  2.352363E-16
4854.13  2.193670E-16
4855.2  2.279687E-16
4856.27  2.469823E-16
4857.34  2.275764E-16
4858.41  2.220193E-16
4859.48  1.883443E-16
4860.55  1.904881E-16
4861.62  1.823095E-16
4862.69  1.801196E-16
4863.76  1.853113E-16
4864.83  1.739376E-16
4865.9  1.766329E-16
4866.97  1.998414E-16
4868.04  2.048280E-16
4869.11  2.044441E-16
4870.18  2.400905E-16
4871.25  2.576528E-16
4872.32  2.234021E-16
4873.39  2.103803E-16
4874.46  2.144191E-16
4875.53  2.389446E-16
4876.6  2.365871E-16
4877.67  2.250081E-16
4878.74  2.442665E-16
4879.81  2.614009E-16
4880.88  2.635847E-16
4881.95  2.630985E-16
4883.02  2.500290E-16
4884.09  2.722523E-16
4885.16  2.988313E-16
4886.23  3.046184E-16
4887.3  2.800904E-16
4888.37  2.624094E-16
4889.44  2.799922E-16
4890.51  2.979477E-16
4891.58  2.743966E-16
4892.65  2.561386E-16
4893.72  2.636724E-16
4894.79  2.709510E-16
4895.86  2.759132E-16
4896.93  2.721956E-16
4898.  3.042182E-16
4899.07  3.258333E-16
4900.14  3.024741E-16
4901.21  2.952103E-16
4902.28  2.928670E-16
4903.35  2.819191E-16
4904.42  2.904542E-16
4905.49  3.190721E-16
4906.56  3.144833E-16
4907.63  2.898575E-16
4908.7  3.061958E-16
4909.77  3.294704E-16
4910.84  2.930835E-16
4911.91  2.896826E-16
4912.98  2.993552E-16
4914.05  2.787355E-16
4915.12  2.923604E-16
4916.19  3.356841E-16
4917.26  3.149493E-16
4918.33  2.976103E-16
4919.4  3.235998E-16
4920.47  2.982743E-16
4921.54  2.752213E-16
4922.61  3.134424E-16
4923.68  3.412863E-16
4924.75  3.245138E-16
4925.82  3.114755E-16
4926.89  2.930270E-16
4927.96  3.074139E-16
4929.03  2.984120E-16
4930.1  3.283218E-16
4931.17  3.227386E-16
4932.24  3.208935E-16
4933.31  3.099084E-16
4934.38  2.993515E-16
4935.45  3.136997E-16
4936.52  3.366310E-16
4937.59  3.148504E-16
4938.66  3.208509E-16
4939.73  3.047822E-16
4940.8  3.245525E-16
4941.87  3.458331E-16
4942.94  3.292453E-16
4944.01  2.837401E-16
4945.08  2.974315E-16
4946.15  3.166471E-16
4947.22  3.366116E-16
4948.29  3.347937E-16
4949.36  3.001771E-16
4950.43  3.037381E-16
4951.5  3.187200E-16
4952.57  3.039225E-16
4953.64  3.101925E-16
4954.71  3.140329E-16
4955.78  3.025750E-16
4956.85  2.951321E-16
4957.92  3.116539E-16
4958.99  3.258614E-16
4960.06  3.198823E-16
4961.13  3.133007E-16
4962.2  3.101923E-16
4963.27  3.146838E-16
4964.34  3.178776E-16
4965.41  3.076933E-16
4966.48  2.951508E-16
4967.55  2.880522E-16
4968.62  3.004758E-16
4969.69  3.197372E-16
4970.76  3.190379E-16
4971.83  3.007203E-16
4972.9  2.774153E-16
4973.97  2.824425E-16
4975.04  2.784629E-16
4976.11  2.873402E-16
4977.18  3.179855E-16
4978.25  3.095800E-16
4979.32  3.067463E-16
4980.39  2.939652E-16
4981.46  2.993325E-16
4982.53  2.958559E-16
4983.6  3.161097E-16
4984.67  3.228960E-16
4985.74  3.164070E-16
4986.81  3.030504E-16
4987.88  3.143112E-16
4988.95  3.021323E-16
4990.02  2.736361E-16
4991.09  3.152032E-16
4992.16  3.044358E-16
4993.23  2.921733E-16
4994.3  3.079545E-16
4995.37  3.042349E-16
4996.44  3.000749E-16
4997.51  3.297731E-16
4998.58  3.149974E-16
4999.65  3.104278E-16
5000.72  3.089101E-16
5001.79  3.132899E-16
5002.86  3.091445E-16
5003.93  3.111339E-16
5005.  3.123536E-16
5006.07  3.108430E-16
5007.14  3.020427E-16
5008.21  2.830289E-16
5009.28  3.105637E-16
5010.35  2.969826E-16
5011.42  2.678422E-16
5012.49  2.948114E-16
5013.56  3.094338E-16
5014.63  2.995145E-16
5015.7  2.993823E-16
5016.77  3.136638E-16
5017.84  2.844970E-16
5018.91  2.635707E-16
5019.98  2.852495E-16
5021.05  3.168231E-16
5022.12  3.174340E-16
5023.19  2.965266E-16
5024.26  2.770978E-16
5025.33  3.090673E-16
5026.4  3.076823E-16
5027.47  2.705935E-16
5028.54  2.826653E-16
5029.61  3.337177E-16
5030.68  3.504079E-16
5031.75  3.093550E-16
5032.82  2.860783E-16
5033.89  2.931208E-16
5034.96  3.008316E-16
5036.03  3.118793E-16
5037.1  3.147064E-16
5038.17  2.981663E-16
5039.24  2.809726E-16
5040.31  2.768816E-16
5041.38  2.859309E-16
5042.45  3.061227E-16
5043.52  3.155690E-16
5044.59  2.973234E-16
5045.66  2.890752E-16
5046.73  3.046094E-16
5047.8  3.029215E-16
5048.87  2.990061E-16
5049.94  3.105858E-16
5051.01  3.128727E-16
5052.08  3.199940E-16
5053.15  3.310297E-16
5054.22  3.284324E-16
5055.29  3.157457E-16
5056.36  2.970116E-16
5057.43  2.932929E-16
5058.5  3.106066E-16
5059.57  2.924797E-16
5060.64  2.771085E-16
5061.71  2.857477E-16
5062.78  2.999253E-16
5063.85  3.111346E-16
5064.92  3.273219E-16
5065.99  3.028360E-16
5067.06  2.873550E-16
5068.13  2.769754E-16
5069.2  2.918131E-16
5070.27  2.975581E-16
5071.34  3.066377E-16
5072.41  2.801540E-16
5073.48  2.684513E-16
5074.55  2.697578E-16
5075.62  2.942567E-16
5076.69  3.078137E-16
5077.76  2.942717E-16
5078.83  2.954584E-16
5079.9  2.924608E-16
5080.97  2.612531E-16
5082.04  2.869119E-16
5083.11  2.976106E-16
5084.18  3.022901E-16
5085.25  2.926229E-16
5086.32  2.859571E-16
5087.39  2.825692E-16
5088.46  2.965764E-16
5089.53  2.780571E-16
5090.6  2.733769E-16
5091.67  2.604645E-16
5092.74  2.530579E-16
5093.81  2.907457E-16
5094.88  2.939975E-16
5095.95  2.947651E-16
5097.02  3.045365E-16
5098.09  2.809948E-16
5099.16  2.685846E-16
5100.23  2.861880E-16
5101.3  2.758543E-16
5102.37  2.697253E-16
5103.44  2.681682E-16
5104.51  2.744668E-16
5105.58  2.859374E-16
5106.65  2.665954E-16
5107.72  2.665611E-16
5108.79  2.803352E-16
5109.86  2.983941E-16
5110.93  2.909979E-16
5112.  2.701530E-16
5113.07  2.612308E-16
5114.14  2.533964E-16
5115.21  2.917594E-16
5116.28  2.939841E-16
5117.35  2.715620E-16
5118.42  2.864604E-16
5119.49  3.148601E-16
5120.56  3.160558E-16
5121.63  2.764111E-16
5122.7  2.823273E-16
5123.77  2.903139E-16
5124.84  2.865171E-16
5125.91  3.218482E-16
5126.98  2.828669E-16
5128.05  2.948544E-16
5129.12  3.072305E-16
5130.19  2.734681E-16
5131.26  2.830524E-16
5132.33  2.752813E-16
5133.4  2.705761E-16
5134.47  2.796766E-16
5135.54  2.677494E-16
5136.61  2.440465E-16
5137.68  2.528587E-16
5138.75  2.781743E-16
5139.82  2.833336E-16
5140.89  2.722282E-16
5141.96  2.479884E-16
5143.03  2.521321E-16
5144.1  2.807627E-16
5145.17  2.645100E-16
5146.24  2.329661E-16
5147.31  2.667897E-16
5148.38  2.762355E-16
5149.45  2.966221E-16
5150.52  2.931314E-16
5151.59  2.994161E-16
5152.66  2.568729E-16
5153.73  2.558858E-16
5154.8  2.896389E-16
5155.87  2.847362E-16
5156.94  2.694857E-16
5158.01  2.681616E-16
5159.08  2.788218E-16
5160.15  2.846820E-16
5161.22  2.607600E-16
5162.29  2.562505E-16
5163.36  2.633667E-16
5164.43  2.837735E-16
5165.5  2.993673E-16
5166.57  3.106551E-16
5167.64  3.028909E-16
5168.71  2.894871E-16
5169.78  2.694564E-16
5170.85  2.852362E-16
5171.92  2.952094E-16
5172.99  2.723821E-16
5174.06  2.780853E-16
5175.13  2.935940E-16
5176.2  2.841550E-16
5177.27  2.680142E-16
5178.34  2.702816E-16
5179.41  2.794296E-16
5180.48  2.759238E-16
5181.55  2.715474E-16
5182.62  2.715173E-16
5183.69  2.804313E-16
5184.76  2.824883E-16
5185.83  2.606443E-16
5186.9  2.636657E-16
5187.97  2.808369E-16
5189.04  2.628529E-16
5190.11  2.697081E-16
5191.18  2.848149E-16
5192.25  2.866563E-16
5193.32  2.996280E-16
5194.39  2.687415E-16
5195.46  2.600871E-16
5196.53  2.698398E-16
5197.6  2.596828E-16
5198.67  2.558815E-16
5199.74  2.697369E-16
5200.81  2.703459E-16
5201.88  2.975576E-16
5202.95  2.861991E-16
5204.02  2.639366E-16
5205.09  2.567605E-16
5206.16  2.725519E-16
5207.23  2.857777E-16
5208.3  2.753748E-16
5209.37  2.360419E-16
5210.44  2.583496E-16
5211.51  2.857359E-16
5212.58  2.650969E-16
5213.65  2.639247E-16
5214.72  2.654016E-16
5215.79  2.728747E-16
5216.86  2.966085E-16
5217.93  2.901657E-16
5219.  2.711666E-16
5220.07  2.538539E-16
5221.14  2.418401E-16
5222.21  2.357698E-16
5223.28  2.643624E-16
5224.35  2.606218E-16
5225.42  2.409990E-16
5226.49  2.369025E-16
5227.56  2.477158E-16
5228.63  2.590261E-16
5229.7  2.474568E-16
5230.77  2.374936E-16
5231.84  2.412946E-16
5232.91  2.548083E-16
5233.98  2.313132E-16
5235.05  2.704135E-16
5236.12  2.987729E-16
5237.19  2.486916E-16
5238.26  2.419627E-16
5239.33  2.595023E-16
5240.4  2.704211E-16
5241.47  2.923590E-16
5242.54  2.800655E-16
5243.61  2.710443E-16
5244.68  2.923435E-16
5245.75  2.892315E-16
5246.82  2.976374E-16
5247.89  2.709394E-16
5248.96  2.640052E-16
5250.03  2.463493E-16
5251.1  2.253522E-16
5252.17  2.228187E-16
5253.24  2.798747E-16
5254.31  2.795977E-16
5255.38  2.427701E-16
5256.45  2.236657E-16
5257.52  2.570833E-16
5258.59  2.846425E-16
5259.66  2.563232E-16
5260.73  2.584459E-16
5261.8  2.501588E-16
5262.87  2.491409E-16
5263.94  2.506993E-16
5265.01  2.692180E-16
5266.08  2.631020E-16
5267.15  2.591300E-16
5268.22  2.711505E-16
5269.29  2.434513E-16
5270.36  2.199504E-16
5271.43  2.474701E-16
5272.5  2.828778E-16
5273.57  2.760602E-16
5274.64  2.636094E-16
5275.71  2.773771E-16
5276.78  2.887476E-16
5277.85  2.479866E-16
5278.92  2.384332E-16
5279.99  2.675667E-16
5281.06  2.608897E-16
5282.13  2.413659E-16
5283.2  2.407053E-16
5284.27  2.659232E-16
5285.34  2.643824E-16
5286.41  2.665108E-16
5287.48  2.577280E-16
5288.55  2.507102E-16
5289.62  2.532729E-16
5290.69  2.392292E-16
5291.76  2.452939E-16
5292.83  2.664161E-16
5293.9  2.694100E-16
5294.97  2.621648E-16
5296.04  2.895338E-16
5297.11  2.388838E-16
5298.18  2.499505E-16
5299.25  2.629995E-16
5300.32  2.393718E-16
5301.39  2.739858E-16
5302.46  2.447682E-16
5303.53  2.556730E-16
5304.6  2.426681E-16
5305.67  2.583821E-16
5306.74  2.512167E-16
5307.81  2.718118E-16
5308.88  2.996674E-16
5309.95  2.670062E-16
5311.02  2.581727E-16
5312.09  2.807958E-16
5313.16  2.678742E-16
5314.23  2.650986E-16
5315.3  2.453163E-16
5316.37  2.554890E-16
5317.44  2.861518E-16
5318.51  2.785220E-16
5319.58  2.543100E-16
5320.65  2.803784E-16
5321.72  2.808825E-16
5322.79  2.659310E-16
5323.86  2.823188E-16
5324.93  2.865632E-16
5326.  2.739243E-16
5327.07  2.451690E-16
5328.14  2.350715E-16
5329.21  2.673824E-16
5330.28  2.941775E-16
5331.35  2.628274E-16
5332.42  2.485771E-16
5333.49  2.726229E-16
5334.56  2.690896E-16
5335.63  2.662287E-16
5336.7  2.322271E-16
5337.77  2.414477E-16
5338.84  2.499422E-16
5339.91  2.191456E-16
5340.98  2.748836E-16
5342.05  2.807679E-16
5343.12  2.765039E-16
5344.19  2.857865E-16
5345.26  2.803396E-16
5346.33  2.884001E-16
5347.4  2.798342E-16
5348.47  2.590033E-16
5349.54  2.576407E-16
5350.61  2.634657E-16
5351.68  2.753023E-16
5352.75  2.770536E-16
5353.82  2.741385E-16
5354.89  2.964485E-16
5355.96  3.053857E-16
5357.03  2.925985E-16
5358.1  2.797736E-16
5359.17  2.587513E-16
5360.24  2.354299E-16
5361.31  2.716310E-16
5362.38  2.708185E-16
5363.45  2.918938E-16
5364.52  2.935943E-16
5365.59  2.493872E-16
5366.66  2.376556E-16
5367.73  2.630294E-16
5368.8  2.876472E-16
5369.87  2.680419E-16
5370.94  2.591730E-16
5372.01  2.815217E-16
5373.08  2.651601E-16
5374.15  2.560403E-16
5375.22  2.427855E-16
5376.29  2.359647E-16
5377.36  2.568400E-16
5378.43  2.578147E-16
5379.5  2.373260E-16
5380.57  2.342487E-16
5381.64  2.658864E-16
5382.71  3.086346E-16
5383.78  2.742146E-16
5384.85  2.224857E-16
5385.92  2.291886E-16
5386.99  2.288409E-16
5388.06  2.431732E-16
5389.13  2.416038E-16
5390.2  2.730576E-16
5391.27  2.786966E-16
5392.34  2.438000E-16
5393.41  2.547088E-16
5394.48  2.367598E-16
5395.55  2.267904E-16
5396.62  2.278245E-16
5397.69  2.274161E-16
5398.76  2.301921E-16
5399.83  2.458211E-16
5400.9  2.576473E-16
5401.97  1.944481E-16
5403.04  2.087311E-16
5404.11  2.519585E-16
5405.18  2.478997E-16
5406.25  2.172757E-16
5407.32  2.070989E-16
5408.39  2.325876E-16
5409.46  2.462684E-16
5410.53  2.380916E-16
5411.6  2.467929E-16
5412.67  2.451449E-16
5413.74  2.659925E-16
5414.81  2.871086E-16
5415.88  2.082517E-16
5416.95  2.196286E-16
5418.02  2.555809E-16
5419.09  2.490056E-16
5420.16  2.224961E-16
5421.23  2.376820E-16
5422.3  2.669190E-16
5423.37  2.517313E-16
5424.44  2.365734E-16
5425.51  2.217106E-16
5426.58  2.246780E-16
5427.65  1.973440E-16
5428.72  1.583030E-16
5429.79  2.154621E-16
5430.86  2.180011E-16
5431.93  2.202369E-16
5433.  2.355391E-16
5434.07  2.379604E-16
5435.14  2.335132E-16
5436.21  2.558962E-16
5437.28  2.983596E-16
5438.35  2.630556E-16
5439.42  2.013812E-16
5440.49  2.053024E-16
5441.56  2.134524E-16
5442.63  2.073718E-16
5443.7  2.192484E-16
5444.77  2.408144E-16
5445.84  2.022413E-16
5446.91  2.158907E-16
5447.98  2.107023E-16
5449.05  1.927737E-16
5450.12  2.647944E-16
5451.19  2.800674E-16
5452.26  2.153957E-16
5453.33  2.197264E-16
5454.4  2.191930E-16
5455.47  2.315071E-16
5456.54  2.279488E-16
5457.61  2.190329E-16
5458.68  2.396020E-16
5459.75  2.771527E-16
5460.82  2.542375E-16
5461.89  2.958690E-16
5462.96  3.082722E-16
5464.03  2.754645E-16
5465.1  2.596582E-16
5466.17  3.070570E-16
5467.24  2.554183E-16
5468.31  2.382983E-16
5469.38  2.302996E-16
5470.45  2.410081E-16
5471.52  2.609434E-16
5472.59  2.638666E-16
5473.66  2.506648E-16
5474.73  2.586486E-16
5475.8  2.520164E-16
5476.87  2.721637E-16
5477.94  2.561306E-16
5479.01  2.308827E-16
5480.08  2.345204E-16
5481.15  2.269636E-16
5482.22  2.330788E-16
5483.29  2.182620E-16
5484.36  2.034136E-16
5485.43  2.501394E-16
5486.5  2.679230E-16
5487.57  2.094380E-16
5488.64  2.342042E-16
5489.71  2.673678E-16
5490.78  2.938203E-16
5491.85  2.735871E-16
5492.92  2.476775E-16
5493.99  2.689491E-16
5495.06  2.422206E-16
5496.13  2.346204E-16
5497.2  2.868748E-16
5498.27  2.833897E-16
5499.34  2.313164E-16
5500.41  2.368916E-16
5501.48  2.458750E-16
5502.55  2.231188E-16
5503.62  2.303843E-16
5504.69  2.627534E-16
5505.76  2.742305E-16
5506.83  3.056994E-16
5507.9  2.911589E-16
5508.97  2.493695E-16
5510.04  2.463055E-16
5511.11  2.422760E-16
5512.18  2.523360E-16
5513.25  2.572809E-16
5514.32  3.087690E-16
5515.39  3.171201E-16
5516.46  2.434373E-16
5517.53  2.730029E-16
5518.6  3.124926E-16
5519.67  3.071590E-16
5520.74  3.157583E-16
5521.81  2.849896E-16
5522.88  2.787965E-16
5523.95  3.216842E-16
5525.02  2.905982E-16
5526.09  2.714647E-16
5527.16  2.882335E-16
5528.23  3.519164E-16
5529.3  3.889130E-16
5530.37  3.417561E-16
5531.44  3.479143E-16
5532.51  3.374144E-16
5533.58  3.079232E-16
5534.65  2.555098E-16
5535.72  2.806828E-16
5536.79  3.015401E-16
5537.86  2.554965E-16
5538.93  2.697529E-16
5540.  2.969268E-16
5541.07  2.674321E-16
5542.14  2.576930E-16
5543.21  2.722248E-16
5544.28  2.768164E-16
5545.35  2.679679E-16
5546.42  3.248911E-16
5547.49  3.493425E-16
5548.56  2.838178E-16
5549.63  2.340669E-16
5550.7  2.664631E-16
5551.77  2.883737E-16
5552.84  2.696437E-16
5553.91  3.298285E-16
5554.98  3.396813E-16
5556.05  3.210843E-16
5557.12  3.268276E-16
5558.19  3.421564E-16
5559.26  2.378482E-16
5560.33  1.550332E-16
5561.4  2.541446E-16
5562.47  3.356105E-16
5563.54  2.985398E-16
5564.61  2.265011E-16
5565.68  2.664974E-16
5566.75  2.338608E-16
5567.82  2.480024E-16
5568.89  3.593074E-16
5569.96  2.786832E-16
5571.03  2.352774E-16
5572.1  3.241044E-16
5573.17  3.064599E-16
5574.24  2.617486E-16
5575.31  4.141339E-16
5576.38  3.530418E-16
5577.45  1.201563E-16
5578.52  1.295897E-16
5579.59  2.371937E-16
5580.66  3.579745E-16
5581.73  2.552635E-16
5582.8  2.836342E-16
5583.87  3.041351E-16
5584.94  3.367073E-16
5586.01  3.407387E-16
5587.08  2.683096E-16
5588.15  2.309660E-16
5589.22  2.350701E-16
5590.29  2.760536E-16
5591.36  2.507212E-16
5592.43  2.135615E-16
5593.5  3.365829E-16
5594.57  2.654856E-16
5595.64  2.598048E-16
5596.71  2.149136E-16
5597.78  2.403645E-16
5598.85  2.411111E-16
5599.92  1.389720E-16
5600.99  2.660739E-16
5602.06  2.984712E-16
5603.13  2.822128E-16
5604.2  2.202021E-16
5605.27  2.014179E-16
5606.34  2.555707E-16
5607.41  3.328816E-16
5608.48  2.739109E-16
5609.55  1.963714E-16
5610.62  1.555253E-16
5611.69  1.926552E-16
5612.76  3.238566E-16
5613.83  3.001825E-16
5614.9  2.272461E-16
5615.97  2.265457E-16
5617.04  1.725555E-16
5618.11  1.528464E-16
5619.18  1.949756E-16
5620.25  1.866784E-16
5621.32  2.220396E-16
5622.39  2.186513E-16
5623.46  1.780303E-16
5624.53  3.667663E-17
5625.6  1.896169E-16
5626.67  2.794607E-16
5627.74  1.974367E-16
5628.81  2.848140E-16
5629.88  3.910363E-16
5630.95  2.127506E-16
5632.02  3.114332E-16
5633.09  3.730592E-16
5634.16  2.954923E-16
5635.23  1.715117E-16
5636.3  1.750563E-16
5637.37  1.565298E-16
5638.44  9.111551E-17
5639.51  1.527526E-16
5640.58  3.939435E-16
5641.65  3.726665E-16
5642.72  3.566734E-16
5643.79  1.754872E-16
5644.86  2.611663E-16
5645.93  3.491809E-16
5647.  2.544297E-16
5648.07  1.797259E-16
5649.14  2.263570E-16
5650.21  2.867541E-16
5651.28  3.078835E-16
5652.35  2.788474E-16
5653.42  1.625877E-16
5654.49  2.333411E-16
5655.56  2.866813E-16
5656.63  1.256254E-16
5657.7  1.132310E-16
5658.77  2.680642E-16
5659.84  3.162222E-16
5660.91  2.110159E-16
5661.98  2.392309E-16
5663.05  3.831532E-16
5664.12  2.465770E-16
5665.19  3.630573E-16
5666.26  2.747381E-16
5667.33  2.641612E-16
5668.4  4.586824E-16
5669.47  1.406933E-16
5670.54  1.661993E-17
5671.61  3.376611E-16
5672.68  3.421905E-16
5673.75  2.116028E-16
5674.82  4.809085E-16
5675.89  3.735102E-16
5676.96  1.002378E-16
5678.03  2.516915E-16
5679.1  5.300067E-16
5680.17  5.259284E-16
5681.24  4.295594E-16
5682.31  5.132604E-16
5683.38  3.677364E-16
5684.45  3.430873E-16
5685.52  1.000588E-15
5686.59  1.031183E-15
5687.66  1.683245E-16
5688.73  2.492645E-16
5689.8  4.559608E-16
5690.87  2.605799E-16
5691.94  3.463828E-16
5693.01  2.178799E-16
5694.08  3.472821E-16
5695.15  5.855268E-16
5696.22  4.772250E-16
5697.29  2.785814E-16
5698.36  -2.874742E-16
5699.43  -1.120728E-16
5700.5  4.466323E-16
