3400.  5.510426E-16
3401.07  7.145564E-16
3402.14  9.731766E-16
3403.21  8.723741E-16
3404.28  8.409514E-16
3405.35  9.433960E-16
3406.42  8.614317E-16
3407.49  7.398743E-16
3408.56  8.164318E-16
3409.63  7.942492E-16
3410.7  8.686576E-16
3411.77  9.752491E-16
3412.84  8.665627E-16
3413.91  8.021543E-16
3414.98  8.274137E-16
3416.05  7.924821E-16
3417.12  7.806866E-16
3418.19  7.639623E-16
3419.26  7.892898E-16
3420.33  7.748436E-16
3421.4  7.969468E-16
3422.47  8.631864E-16
3423.54  7.313707E-16
3424.61  6.532652E-16
3425.68  6.115605E-16
3426.75  6.178904E-16
3427.82  6.259368E-16
3428.89  5.914107E-16
3429.96  6.656025E-16
3431.03  6.264564E-16
3432.1  6.185678E-16
3433.17  5.889936E-16
3434.24  6.293480E-16
3435.31  7.007504E-16
3436.38  6.512584E-16
3437.45  5.335453E-16
3438.52  5.853146E-16
3439.59  6.937352E-16
3440.66  6.158075E-16
3441.73  6.928064E-16
3442.8  7.017293E-16
3443.87  6.286094E-16
3444.94  6.847392E-16
3446.01  9.618333E-16
3447.08  6.678381E-16
3448.15  6.353160E-16
3449.22  6.556567E-16
3450.29  7.502012E-16
3451.36  7.154488E-16
3452.43  5.516120E-16
3453.5  7.177220E-16
3454.57  6.256258E-16
3455.64  5.225621E-16
3456.71  6.042448E-16
3457.78  6.616666E-16
3458.85  6.848496E-16
3459.92  7.124677E-16
3460.99  7.637730E-16
3462.06  6.284102E-16
3463.13  6.163079E-16
3464.2  6.001141E-16
3465.27  6.033413E-16
3466.34  6.001735E-16
3467.41  6.821364E-16
3468.48  7.383941E-16
3469.55  6.463787E-16
3470.62  5.755224E-16
3471.69  6.704304E-16
3472.76  7.129204E-16
3473.83  6.792838E-16
3474.9  5.068749E-16
3475.97  5.782632E-16
3477.04  5.673735E-16
3478.11  6.179478E-16
3479.18  7.006015E-16
3480.25  5.571930E-16
3481.32  5.542420E-16
3482.39  5.891899E-16
3483.46  6.197799E-16
3484.53  5.577616E-16
3485.6  4.839573E-16
3486.67  6.071802E-16
3487.74  6.213218E-16
3488.81  5.769167E-16
3489.88  5.028081E-16
3490.95  6.002692E-16
3492.02  5.118831E-16
3493.09  5.940246E-16
3494.16  5.490101E-16
3495.23  6.417240E-16
3496.3  6.001667E-16
3497.37  5.755328E-16
3498.44  4.781371E-16
3499.51  6.797766E-16
3500.58  6.377478E-16
3501.65  5.026081E-16
3502.72  5.823030E-16
3503.79  6.610854E-16
3504.86  6.694904E-16
3505.93  6.387644E-16
3507.  5.071238E-16
3508.07  6.748072E-16
3509.14  6.053051E-16
3510.21  7.715584E-16
3511.28  6.934307E-16
3512.35  5.859383E-16
3513.42  5.966882E-16
3514.49  7.292542E-16
3515.56  5.567631E-16
3516.63  6.757584E-16
3517.7  6.570162E-16
3518.77  6.462820E-16
3519.84  6.943637E-16
3520.91  7.599413E-16
3521.98  7.211226E-16
3523.05  6.461102E-16
3524.12  6.476879E-16
3525.19  6.009489E-16
3526.26  6.847912E-16
3527.33  5.552579E-16
3528.4  6.701630E-16
3529.47  6.485479E-16
3530.54  5.591945E-16
3531.61  7.032835E-16
3532.68  6.893717E-16
3533.75  6.556466E-16
3534.82  6.965286E-16
3535.89  7.014820E-16
3536.96  6.959607E-16
3538.03  6.733805E-16
3539.1  6.726539E-16
3540.17  6.672816E-16
3541.24  7.180415E-16
3542.31  6.953096E-16
3543.38  6.990143E-16
3544.45  6.455295E-16
3545.52  7.622600E-16
3546.59  6.975947E-16
3547.66  5.695739E-16
3548.73  5.360361E-16
3549.8  6.064834E-16
3550.87  7.234248E-16
3551.94  6.518377E-16
3553.01  6.247354E-16
3554.08  6.750649E-16
3555.15  6.536019E-16
3556.22  6.423752E-16
3557.29  7.146768E-16
3558.36  6.364284E-16
3559.43  5.732722E-16
3560.5  6.248992E-16
3561.57  5.922405E-16
3562.64  5.727009E-16
3563.71  5.497956E-16
3564.78  5.370654E-16
3565.85  5.751596E-16
3566.92  5.687366E-16
3567.99  5.656632E-16
3569.06  4.879545E-16
3570.13  5.426726E-16
3571.2  5.660960E-16
3572.27  5.320656E-16
3573.34  5.066034E-16
3574.41  5.708644E-16
3575.48  6.077188E-16
3576.55  6.152646E-16
3577.62  5.486208E-16
3578.69  5.396852E-16
3579.76  5.959895E-16
3580.83  5.940550E-16
3581.9  5.733627E-16
3582.97  6.263949E-16
3584.04  5.881198E-16
3585.11  6.067154E-16
3586.18  6.059862E-16
3587.25  5.969534E-16
3588.32  5.830045E-16
3589.39  5.618636E-16
3590.46  5.369224E-16
3591.53  5.579974E-16
3592.6  6.088813E-16
3593.67  5.542499E-16
3594.74  4.621046E-16
3595.81  5.373705E-16
3596.88  5.474966E-16
3597.95  4.622271E-16
3599.02  5.574565E-16
3600.09  6.368522E-16
3601.16  5.939535E-16
3602.23  5.354793E-16
3603.3  5.460756E-16
3604.37  6.389195E-16
3605.44  6.881073E-16
3606.51  6.397819E-16
3607.58  6.409477E-16
3608.65  7.304053E-16
3609.72  7.264089E-16
3610.79  6.406727E-16
3611.86  5.790397E-16
3612.93  6.038184E-16
3614.  6.233931E-16
3615.07  6.465351E-16
3616.14  6.551586E-16
3617.21  6.336943E-16
3618.28  6.253255E-16
3619.35  6.829950E-16
3620.42  6.695739E-16
3621.49  6.442538E-16
3622.56  6.414868E-16
3623.63  5.989959E-16
3624.7  6.005616E-16
3625.77  5.745921E-16
3626.84  5.732111E-16
3627.91  5.825400E-16
3628.98  6.252492E-16
3630.05  6.504005E-16
3631.12  6.275299E-16
3632.19  4.970373E-16
3633.26  5.037519E-16
3634.33  5.884107E-16
3635.4  6.094056E-16
3636.47  5.305640E-16
3637.54  5.524710E-16
3638.61  5.995179E-16
3639.68  5.695245E-16
3640.75  4.463135E-16
3641.82  4.778356E-16
3642.89  4.959975E-16
3643.96  5.203179E-16
3645.03  4.813306E-16
3646.1  4.746736E-16
3647.17  3.794159E-16
3648.24  3.858212E-16
3649.31  4.560153E-16
3650.38  4.528484E-16
3651.45  4.630703E-16
3652.52  4.027919E-16
3653.59  4.050342E-16
3654.66  4.371044E-16
3655.73  4.195218E-16
3656.8  4.132278E-16
3657.87  4.294630E-16
3658.94  4.253957E-16
3660.01  4.280411E-16
3661.08  4.621878E-16
3662.15  4.582659E-16
3663.22  4.145209E-16
3664.29  4.254857E-16
3665.36  4.475942E-16
3666.43  4.200860E-16
3667.5  3.887546E-16
3668.57  4.158080E-16
3669.64  4.808449E-16
3670.71  4.764333E-16
3671.78  4.659776E-16
3672.85  4.997410E-16
3673.92  4.747209E-16
3674.99  4.894093E-16
3676.06  4.611113E-16
3677.13  4.998672E-16
3678.2  5.491825E-16
3679.27  4.606337E-16
3680.34  4.790636E-16
3681.41  5.041329E-16
3682.48  5.589742E-16
3683.55  5.529065E-16
3684.62  5.060227E-16
3685.69  5.549957E-16
3686.76  5.375538E-16
3687.83  5.574054E-16
3688.9  6.211106E-16
3689.97  5.552490E-16
3691.04  6.166539E-16
3692.11  5.460784E-16
3693.18  5.291642E-16
3694.25  5.196448E-16
3695.32  5.336527E-16
3696.39  5.391128E-16
3697.46  5.683356E-16
3698.53  6.075087E-16
3699.6  6.554400E-16
3700.67  6.597514E-16
3701.74  7.013386E-16
3702.81  6.074541E-16
3703.88  6.260142E-16
3704.95  5.454939E-16
3706.02  5.790383E-16
3707.09  5.962149E-16
3708.16  5.912317E-16
3709.23  6.164716E-16
3710.3  6.048078E-16
3711.37  6.200181E-16
3712.44  6.226988E-16
3713.51  5.269319E-16
3714.58  5.653125E-16
3715.65  5.956513E-16
3716.72  5.488325E-16
3717.79  5.524959E-16
3718.86  5.525401E-16
3719.93  5.746996E-16
3721.  4.926322E-16
3722.07  5.252029E-16
3723.14  6.148521E-16
3724.21  5.427350E-16
3725.28  5.377193E-16
3726.35  4.363486E-16
3727.42  4.450407E-16
3728.49  4.590182E-16
3729.56  4.775128E-16
3730.63  5.127054E-16
3731.7  5.374790E-16
3732.77  4.456902E-16
3733.84  4.624427E-16
3734.91  4.778459E-16
3735.98  4.668439E-16
3737.05  3.910410E-16
3738.12  4.382190E-16
3739.19  4.745952E-16
3740.26  4.465460E-16
3741.33  4.430950E-16
3742.4  4.442785E-16
3743.47  4.372021E-16
3744.54  4.311924E-16
3745.61  4.945373E-16
3746.68  4.521065E-16
3747.75  4.084603E-16
3748.82  4.411186E-16
3749.89  4.292970E-16
3750.96  3.957165E-16
3752.03  3.961524E-16
3753.1  3.805470E-16
3754.17  4.025221E-16
3755.24  3.774699E-16
3756.31  3.815098E-16
3757.38  4.307339E-16
3758.45  3.869700E-16
3759.52  4.116867E-16
3760.59  4.126260E-16
3761.66  4.264344E-16
3762.73  4.079943E-16
3763.8  3.870364E-16
3764.87  3.751995E-16
3765.94  3.936767E-16
3767.01  3.934030E-16
3768.08  3.684355E-16
3769.15  4.147170E-16
3770.22  4.356117E-16
3771.29  4.057775E-16
3772.36  4.097760E-16
3773.43  4.076672E-16
3774.5  3.871618E-16
3775.57  4.270140E-16
3776.64  4.630521E-16
3777.71  4.677803E-16
3778.78  4.671990E-16
3779.85  4.338268E-16
3780.92  4.181892E-16
3781.99  4.685588E-16
3783.06  4.512065E-16
3784.13  4.515923E-16
3785.2  4.524768E-16
3786.27  4.022119E-16
3787.34  4.296908E-16
3788.41  4.266130E-16
3789.48  4.615067E-16
3790.55  4.849420E-16
3791.62  4.634417E-16
3792.69  4.502323E-16
3793.76  4.839435E-16
3794.83  4.639553E-16
3795.9  4.412285E-16
3796.97  4.408928E-16
3798.04  4.261249E-16
3799.11  4.327671E-16
3800.18  4.405775E-16
3801.25  4.473999E-16
3802.32  4.637171E-16
3803.39  4.689606E-16
3804.46  4.659055E-16
3805.53  4.548727E-16
3806.6  4.591930E-16
3807.67  4.810790E-16
3808.74  4.631891E-16
3809.81  4.650923E-16
3810.88  5.089710E-16
3811.95  5.073762E-16
3813.02  4.688369E-16
3814.09  5.017807E-16
3815.16  5.028526E-16
3816.23  4.563965E-16
3817.3  5.061130E-16
3818.37  5.113605E-16
3819.44  4.951577E-16
3820.51  4.847686E-16
3821.58  4.976700E-16
3822.65  5.135684E-16
3823.72  4.729132E-16
3824.79  4.741546E-16
3825.86  5.010028E-16
3826.93  4.485019E-16
3828.  4.161083E-16
3829.07  4.402098E-16
3830.14  4.620663E-16
3831.21  4.879375E-16
3832.28  4.811376E-16
3833.35  4.243588E-16
3834.42  3.992406E-16
3835.49  4.342531E-16
3836.56  4.597571E-16
3837.63  4.625601E-16
3838.7  4.480335E-16
3839.77  4.319007E-16
3840.84  3.839317E-16
3841.91  3.683981E-16
3842.98  4.477390E-16
3844.05  4.901859E-16
3845.12  4.673359E-16
3846.19  4.750181E-16
3847.26  4.906824E-16
3848.33  4.706900E-16
3849.4  4.395249E-16
3850.47  4.470583E-16
3851.54  4.720211E-16
3852.61  4.651955E-16
3853.68  4.552210E-16
3854.75  4.656594E-16
3855.82  4.880860E-16
3856.89  4.805917E-16
3857.96  4.868969E-16
3859.03  4.617107E-16
3860.1  4.542564E-16
3861.17  4.860315E-16
3862.24  4.733370E-16
3863.31  4.386171E-16
3864.38  4.668469E-16
3865.45  5.026313E-16
3866.52  4.812745E-16
3867.59  4.666180E-16
3868.66  4.827233E-16
3869.73  4.538639E-16
3870.8  4.255375E-16
3871.87  4.026390E-16
3872.94  4.159195E-16
3874.01  4.051986E-16
3875.08  4.051067E-16
3876.15  4.023389E-16
3877.22  3.901171E-16
3878.29  4.092715E-16
3879.36  3.864345E-16
3880.43  3.895144E-16
3881.5  3.746552E-16
3882.57  3.204916E-16
3883.64  3.464246E-16
3884.71  3.564532E-16
3885.78  3.665868E-16
3886.85  3.745373E-16
3887.92  3.754856E-16
3888.99  3.612958E-16
3890.06  3.362816E-16
3891.13  3.542041E-16
3892.2  3.668105E-16
3893.27  3.580911E-16
3894.34  3.270068E-16
3895.41  3.226916E-16
3896.48  3.634536E-16
3897.55  3.695761E-16
3898.62  3.723828E-16
3899.69  4.191057E-16
3900.76  4.363590E-16
3901.83  4.032325E-16
3902.9  4.019258E-16
3903.97  4.149945E-16
3905.04  4.628372E-16
3906.11  4.867176E-16
3907.18  4.553554E-16
3908.25  4.347717E-16
3909.32  4.683586E-16
3910.39  4.802515E-16
3911.46  5.137292E-16
3912.53  5.283234E-16
3913.6  5.077335E-16
3914.67  4.958525E-16
3915.74  4.985451E-16
3916.81  5.104236E-16
3917.88  4.708573E-16
3918.95  4.827054E-16
3920.02  5.263434E-16
3921.09  5.147496E-16
3922.16  5.058190E-16
3923.23  4.897949E-16
3924.3  5.228514E-16
3925.37  4.934787E-16
3926.44  5.132809E-16
3927.51  5.090183E-16
3928.58  5.056853E-16
3929.65  5.178372E-16
3930.72  5.273808E-16
3931.79  4.823122E-16
3932.86  4.549350E-16
3933.93  4.602749E-16
3935.  4.608707E-16
3936.07  4.711454E-16
3937.14  5.004524E-16
3938.21  4.970109E-16
3939.28  4.589947E-16
3940.35  4.668062E-16
3941.42  4.997606E-16
3942.49  4.687756E-16
3943.56  4.595938E-16
3944.63  4.670409E-16
3945.7  4.815724E-16
3946.77  4.698255E-16
3947.84  4.424386E-16
3948.91  4.465372E-16
3949.98  4.467555E-16
3951.05  4.159902E-16
3952.12  4.119941E-16
3953.19  3.755563E-16
3954.26  3.809075E-16
3955.33  4.161249E-16
3956.4  4.085374E-16
3957.47  3.690016E-16
3958.54  3.463089E-16
3959.61  3.486631E-16
3960.68  3.701209E-16
3961.75  3.912139E-16
3962.82  3.407093E-16
3963.89  3.336954E-16
3964.96  3.429384E-16
3966.03  2.889651E-16
3967.1  2.868786E-16
3968.17  3.076647E-16
3969.24  3.070042E-16
3970.31  3.145490E-16
3971.38  3.186481E-16
3972.45  3.216398E-16
3973.52  3.142279E-16
3974.59  3.246608E-16
3975.66  3.724801E-16
3976.73  3.925340E-16
3977.8  3.837491E-16
3978.87  4.050395E-16
3979.94  4.331367E-16
3981.01  3.720069E-16
3982.08  4.034825E-16
3983.15  4.200082E-16
3984.22  4.031025E-16
3985.29  3.805911E-16
3986.36  4.199886E-16
3987.43  4.373901E-16
3988.5  4.204966E-16
3989.57  4.263198E-16
3990.64  4.382072E-16
3991.71  4.445634E-16
3992.78  5.075332E-16
3993.85  4.677528E-16
3994.92  4.807978E-16
3995.99  4.501984E-16
3997.06  4.593297E-16
3998.13  4.612138E-16
3999.2  4.430537E-16
4000.27  4.810156E-16
4001.34  4.999718E-16
4002.41  4.778855E-16
4003.48  4.865444E-16
4004.55  4.800798E-16
4005.62  4.618604E-16
4006.69  4.845349E-16
4007.76  4.850217E-16
4008.83  4.813647E-16
4009.9  5.236187E-16
4010.97  5.346759E-16
4012.04  5.203904E-16
4013.11  5.063075E-16
4014.18  4.757418E-16
4015.25  4.536786E-16
4016.32  5.222912E-16
4017.39  5.547850E-16
4018.46  4.910082E-16
4019.53  5.434639E-16
4020.6  5.812555E-16
4021.67  4.681882E-16
4022.74  5.136882E-16
4023.81  5.143006E-16
4024.88  4.762980E-16
4025.95  4.953104E-16
4027.02  5.460284E-16
4028.09  5.448185E-16
4029.16  5.002083E-16
4030.23  4.719014E-16
4031.3  5.224690E-16
4032.37  5.117156E-16
4033.44  4.707392E-16
4034.51  4.805121E-16
4035.58  5.067129E-16
4036.65  4.750585E-16
4037.72  5.021831E-16
4038.79  5.364607E-16
4039.86  4.724431E-16
4040.93  4.207614E-16
4042.  5.196849E-16
4043.07  5.289881E-16
4044.14  5.354248E-16
4045.21  5.805842E-16
4046.28  4.906148E-16
4047.35  4.341400E-16
4048.42  4.483366E-16
4049.49  4.802705E-16
4050.56  4.578376E-16
4051.63  4.684007E-16
4052.7  4.777704E-16
4053.77  4.377396E-16
4054.84  4.521642E-16
4055.91  4.734422E-16
4056.98  5.136222E-16
4058.05  5.009978E-16
4059.12  4.746378E-16
4060.19  4.700293E-16
4061.26  4.646263E-16
4062.33  4.917007E-16
4063.4  4.734777E-16
4064.47  4.655430E-16
4065.54  4.773283E-16
4066.61  4.894349E-16
4067.68  4.639766E-16
4068.75  4.423537E-16
4069.82  4.500497E-16
4070.89  4.673317E-16
4071.96  4.618759E-16
4073.03  4.128220E-16
4074.1  4.492785E-16
4075.17  4.550227E-16
4076.24  4.541096E-16
4077.31  4.194646E-16
4078.38  4.060241E-16
4079.45  4.078248E-16
4080.52  4.012084E-16
4081.59  4.108305E-16
4082.66  4.129556E-16
4083.73  4.014771E-16
4084.8  3.670670E-16
4085.87  3.656261E-16
4086.94  3.808290E-16
4088.01  3.935663E-16
4089.08  3.764467E-16
4090.15  3.622852E-16
4091.22  3.737717E-16
4092.29  3.193301E-16
4093.36  3.288288E-16
4094.43  3.495170E-16
4095.5  3.070270E-16
4096.57  2.842532E-16
4097.64  2.448397E-16
4098.71  2.258917E-16
4099.78  2.529261E-16
4100.85  3.152577E-16
4101.92  3.287487E-16
4102.99  2.887690E-16
4104.06  2.586388E-16
4105.13  2.815606E-16
4106.2  2.895119E-16
4107.27  3.360881E-16
4108.34  3.193310E-16
4109.41  2.998895E-16
4110.48  3.290222E-16
4111.55  3.537224E-16
4112.62  3.757135E-16
4113.69  3.639119E-16
4114.76  3.477777E-16
4115.83  3.492420E-16
4116.9  3.924827E-16
4117.97  3.772577E-16
4119.04  3.768087E-16
4120.11  3.669709E-16
4121.18  3.704858E-16
4122.25  3.860345E-16
4123.32  3.998784E-16
4124.39  4.037643E-16
4125.46  3.827205E-16
4126.53  3.981211E-16
4127.6  4.227632E-16
4128.67  4.302437E-16
4129.74  4.216535E-16
4130.81  4.079927E-16
4131.88  3.978214E-16
4132.95  4.161275E-16
4134.02  4.543857E-16
4135.09  4.401545E-16
4136.16  4.120722E-16
4137.23  4.040764E-16
4138.3  4.134755E-16
4139.37  4.414176E-16
4140.44  4.807031E-16
4141.51  4.930464E-16
4142.58  4.485028E-16
4143.65  4.349980E-16
4144.72  4.732961E-16
4145.79  4.712732E-16
4146.86  4.530601E-16
4147.93  4.590295E-16
4149.  4.596802E-16
4150.07  4.676102E-16
4151.14  4.901640E-16
4152.21  5.155841E-16
4153.28  4.938122E-16
4154.35  4.849705E-16
4155.42  4.808900E-16
4156.49  4.715223E-16
4157.56  4.348006E-16
4158.63  4.720738E-16
4159.7  4.809893E-16
4160.77  4.727497E-16
4161.84  4.736128E-16
4162.91  4.579843E-16
4163.98  4.678806E-16
4165.05  4.836116E-16
4166.12  4.591361E-16
4167.19  4.761406E-16
4168.26  4.673851E-16
4169.33  4.792218E-16
4170.4  4.902895E-16
4171.47  4.944026E-16
4172.54  5.161643E-16
4173.61  5.170553E-16
4174.68  4.817080E-16
4175.75  5.022892E-16
4176.82  4.901953E-16
4177.89  5.150908E-16
4178.96  5.293278E-16
4180.03  5.096974E-16
4181.1  4.645618E-16
4182.17  4.757970E-16
4183.24  5.064337E-16
4184.31  5.446461E-16
4185.38  4.921246E-16
4186.45  4.512201E-16
4187.52  4.756407E-16
4188.59  4.996941E-16
4189.66  5.270695E-16
4190.73  5.410723E-16
4191.8  5.309258E-16
4192.87  4.919685E-16
4193.94  5.003903E-16
4195.01  5.497200E-16
4196.08  5.079981E-16
4197.15  4.542826E-16
4198.22  4.755867E-16
4199.29  5.036102E-16
4200.36  5.077808E-16
4201.43  4.767113E-16
4202.5  4.824590E-16
4203.57  5.004778E-16
4204.64  4.699307E-16
4205.71  4.944364E-16
4206.78  4.919650E-16
4207.85  4.721708E-16
4208.92  4.869856E-16
4209.99  5.008855E-16
4211.06  4.984021E-16
4212.13  4.917501E-16
4213.2  4.960224E-16
4214.27  5.133509E-16
4215.34  4.945809E-16
4216.41  4.665034E-16
4217.48  4.983715E-16
4218.55  4.893468E-16
4219.62  4.525709E-16
4220.69  4.683099E-16
4221.76  4.801453E-16
4222.83  4.948794E-16
4223.9  5.164461E-16
4224.97  4.887199E-16
4226.04  4.668034E-16
4227.11  4.841182E-16
4228.18  4.972668E-16
4229.25  5.101589E-16
4230.32  4.889252E-16
4231.39  4.482674E-16
4232.46  4.439027E-16
4233.53  4.468759E-16
4234.6  4.464287E-16
4235.67  4.421855E-16
4236.74  4.597988E-16
4237.81  4.544933E-16
4238.88  4.362516E-16
4239.95  4.558004E-16
4241.02  4.676583E-16
4242.09  4.479660E-16
4243.16  4.491208E-16
4244.23  4.254438E-16
4245.3  4.616236E-16
4246.37  4.786201E-16
4247.44  4.651202E-16
4248.51  4.653771E-16
4249.58  4.685769E-16
4250.65  4.321740E-16
4251.72  4.554176E-16
4252.79  4.943082E-16
4253.86  4.660816E-16
4254.93  4.225439E-16
4256.  4.342072E-16
4257.07  4.756072E-16
4258.14  4.728511E-16
4259.21  4.733637E-16
4260.28  4.277436E-16
4261.35  4.124892E-16
4262.42  4.235152E-16
4263.49  4.236202E-16
4264.56  4.195458E-16
4265.63  4.144008E-16
4266.7  4.045621E-16
4267.77  4.171152E-16
4268.84  4.422363E-16
4269.91  4.346421E-16
4270.98  4.292723E-16
4272.05  3.937707E-16
4273.12  4.084697E-16
4274.19  4.145459E-16
4275.26  4.108962E-16
4276.33  4.407088E-16
4277.4  4.444777E-16
4278.47  4.252168E-16
4279.54  3.804310E-16
4280.61  3.813894E-16
4281.68  4.319694E-16
4282.75  4.166500E-16
4283.82  4.112009E-16
4284.89  4.255893E-16
4285.96  4.227084E-16
4287.03  3.933241E-16
4288.1  3.555970E-16
4289.17  3.944810E-16
4290.24  4.240463E-16
4291.31  4.197560E-16
4292.38  4.033048E-16
4293.45  4.050183E-16
4294.52  4.101018E-16
4295.59  3.923060E-16
4296.66  4.047235E-16
4297.73  3.842789E-16
4298.8  3.621033E-16
4299.87  3.917419E-16
4300.94  3.777262E-16
4302.01  3.626405E-16
4303.08  3.901568E-16
4304.15  3.824133E-16
4305.22  3.599837E-16
4306.29  3.988998E-16
4307.36  3.920765E-16
4308.43  3.927961E-16
4309.5  3.534068E-16
4310.57  3.276084E-16
4311.64  3.554550E-16
4312.71  3.755105E-16
4313.78  3.594078E-16
4314.85  3.641478E-16
4315.92  3.719747E-16
4316.99  3.752799E-16
4318.06  3.692309E-16
4319.13  3.274054E-16
4320.2  3.321528E-16
4321.27  3.155525E-16
4322.34  3.334977E-16
4323.41  3.314129E-16
4324.48  3.047188E-16
4325.55  2.818762E-16
4326.62  2.791909E-16
4327.69  3.060940E-16
4328.76  2.806460E-16
4329.83  2.584677E-16
4330.9  2.765173E-16
4331.97  2.685503E-16
4333.04  2.630759E-16
4334.11  2.520043E-16
4335.18  2.385453E-16
4336.25  2.309824E-16
4337.32  2.102854E-16
4338.39  2.240633E-16
4339.46  2.591859E-16
4340.53  2.553593E-16
4341.6  2.444497E-16
4342.67  2.293402E-16
4343.74  2.601225E-16
4344.81  2.681679E-16
4345.88  2.581255E-16
4346.95  2.658389E-16
4348.02  2.550864E-16
4349.09  2.676971E-16
4350.16  3.046690E-16
4351.23  3.060365E-16
4352.3  2.982141E-16
4353.37  3.107355E-16
4354.44  3.197721E-16
4355.51  3.075700E-16
4356.58  2.931323E-16
4357.65  3.233437E-16
4358.72  3.550766E-16
4359.79  3.457240E-16
4360.86  2.870496E-16
4361.93  3.314862E-16
4363.  3.830086E-16
4364.07  3.531983E-16
4365.14  3.658646E-16
4366.21  3.807304E-16
4367.28  3.685303E-16
4368.35  3.849147E-16
4369.42  3.869035E-16
4370.49  3.702840E-16
4371.56  3.491250E-16
4372.63  3.450978E-16
4373.7  3.723976E-16
4374.77  3.999039E-16
4375.84  3.474475E-16
4376.91  3.365937E-16
4377.98  3.606237E-16
4379.05  3.567123E-16
4380.12  3.744848E-16
4381.19  3.698517E-16
4382.26  3.774361E-16
4383.33  3.612401E-16
4384.4  3.724430E-16
4385.47  3.611731E-16
4386.54  3.575446E-16
4387.61  3.815216E-16
4388.68  3.824997E-16
4389.75  4.027666E-16
4390.82  4.004713E-16
4391.89  3.682849E-16
4392.96  3.583666E-16
4394.03  3.789525E-16
4395.1  3.902101E-16
4396.17  3.913481E-16
4397.24  3.994383E-16
4398.31  3.984572E-16
4399.38  4.189172E-16
4400.45  4.050143E-16
4401.52  3.905397E-16
4402.59  3.938349E-16
4403.66  4.185404E-16
4404.73  4.059665E-16
4405.8  3.911221E-16
4406.87  3.587084E-16
4407.94  3.619377E-16
4409.01  4.115712E-16
4410.08  4.131258E-16
4411.15  4.018076E-16
4412.22  4.089156E-16
4413.29  4.007034E-16
4414.36  3.868295E-16
4415.43  3.924564E-16
4416.5  3.932330E-16
4417.57  4.042227E-16
4418.64  4.372340E-16
4419.71  4.371281E-16
4420.78  3.942735E-16
4421.85  3.899179E-16
4422.92  4.276855E-16
4423.99  4.123375E-16
4425.06  3.934876E-16
4426.13  3.898126E-16
4427.2  4.225321E-16
4428.27  4.031504E-16
4429.34  3.791563E-16
4430.41  3.908278E-16
4431.48  3.936078E-16
4432.55  4.078702E-16
4433.62  4.475620E-16
4434.69  4.199349E-16
4435.76  4.043000E-16
4436.83  4.132440E-16
4437.9  3.981027E-16
4438.97  3.953131E-16
4440.04  4.117678E-16
4441.11  3.837069E-16
4442.18  4.072598E-16
4443.25  3.819226E-16
4444.32  3.758068E-16
4445.39  3.868780E-16
4446.46  3.951626E-16
4447.53  4.057130E-16
4448.6  3.799070E-16
4449.67  3.953403E-16
4450.74  4.410944E-16
4451.81  4.314450E-16
4452.88  3.851638E-16
4453.95  3.658368E-16
4455.02  3.804353E-16
4456.09  4.139390E-16
4457.16  4.146807E-16
4458.23  4.241410E-16
4459.3  4.248290E-16
4460.37  4.206357E-16
4461.44  4.099221E-16
4462.51  3.955066E-16
4463.58  4.071774E-16
4464.65  3.878321E-16
4465.72  3.542792E-16
4466.79  3.352291E-16
4467.86  3.753817E-16
4468.93  4.014351E-16
4470.  3.820530E-16
4471.07  3.924360E-16
4472.14  3.703874E-16
4473.21  3.485322E-16
4474.28  3.806024E-16
4475.35  3.864365E-16
4476.42  3.843338E-16
4477.49  3.972295E-16
4478.56  3.882215E-16
4479.63  3.991973E-16
4480.7  3.912021E-16
4481.77  3.543417E-16
4482.84  3.616583E-16
4483.91  3.521160E-16
4484.98  3.503388E-16
4486.05  3.833583E-16
4487.12  4.169845E-16
4488.19  3.854056E-16
4489.26  3.802965E-16
4490.33  3.841571E-16
4491.4  3.721614E-16
4492.47  3.798815E-16
4493.54  3.931097E-16
4494.61  3.654743E-16
4495.68  3.761353E-16
4496.75  3.940051E-16
4497.82  3.891000E-16
4498.89  3.678669E-16
4499.96  3.799967E-16
4501.03  3.850288E-16
4502.1  3.770111E-16
4503.17  3.660687E-16
4504.24  3.850552E-16
4505.31  3.855599E-16
4506.38  3.875814E-16
4507.45  3.982285E-16
4508.52  3.477550E-16
4509.59  3.557567E-16
4510.66  3.937419E-16
4511.73  4.264029E-16
4512.8  4.090667E-16
4513.87  3.755737E-16
4514.94  4.093082E-16
4516.01  3.779388E-16
4517.08  3.557515E-16
4518.15  4.216495E-16
4519.22  4.212121E-16
4520.29  4.068392E-16
4521.36  3.890455E-16
4522.43  3.878375E-16
4523.5  4.016394E-16
4524.57  3.865133E-16
4525.64  3.527517E-16
4526.71  3.758280E-16
4527.78  3.524207E-16
4528.85  3.516361E-16
4529.92  3.289290E-16
4530.99  3.671925E-16
4532.06  4.057492E-16
4533.13  3.745375E-16
4534.2  3.596924E-16
4535.27  3.378266E-16
4536.34  3.369558E-16
4537.41  3.487087E-16
4538.48  3.526303E-16
4539.55  3.545111E-16
4540.62  3.628127E-16
4541.69  3.817823E-16
4542.76  3.758147E-16
4543.83  3.664374E-16
4544.9  3.732298E-16
4545.97  3.603640E-16
4547.04  3.808526E-16
4548.11  3.632390E-16
4549.18  3.503566E-16
4550.25  3.691081E-16
4551.32  3.674793E-16
4552.39  3.542279E-16
4553.46  3.823913E-16
4554.53  3.740314E-16
4555.6  3.665710E-16
4556.67  3.659328E-16
4557.74  3.314667E-16
4558.81  3.680568E-16
4559.88  3.214668E-16
4560.95  3.596802E-16
4562.02  3.172915E-16
4563.09  3.339970E-16
4564.16  3.306011E-16
4565.23  3.821486E-16
4566.3  3.439519E-16
4567.37  3.590829E-16
4568.44  3.466358E-16
4569.51  3.635743E-16
4570.58  3.534534E-16
4571.65  3.529336E-16
4572.72  3.384261E-16
4573.79  3.748187E-16
4574.86  3.814856E-16
4575.93  3.436374E-16
4577.  3.135603E-16
4578.07  3.645471E-16
4579.14  3.572227E-16
4580.21  3.354261E-16
4581.28  3.600741E-16
4582.35  3.809020E-16
4583.42  3.612380E-16
4584.49  3.597031E-16
4585.56  3.699585E-16
4586.63  3.610586E-16
4587.7  3.560139E-16
4588.77  3.218270E-16
4589.84  3.235541E-16
4590.91  3.724058E-16
4591.98  3.630112E-16
4593.05  3.319702E-16
4594.12  3.552004E-16
4595.19  3.669031E-16
4596.26  3.430448E-16
4597.33  3.304335E-16
4598.4  3.241723E-16
4599.47  3.670540E-16
4600.54  3.964140E-16
4601.61  3.629604E-16
4602.68  3.573511E-16
4603.75  3.554544E-16
4604.82  3.624047E-16
4605.89  3.159948E-16
4606.96  3.148965E-16
4608.03  3.854971E-16
4609.1  3.458866E-16
4610.17  3.626176E-16
4611.24  3.725198E-16
4612.31  3.976475E-16
4613.38  3.922240E-16
4614.45  3.821229E-16
4615.52  3.757079E-16
4616.59  3.364963E-16
4617.66  3.391279E-16
4618.73  3.633479E-16
4619.8  3.521779E-16
4620.87  3.664080E-16
4621.94  3.589007E-16
4623.01  3.711793E-16
4624.08  3.062452E-16
4625.15  3.180339E-16
4626.22  3.566623E-16
4627.29  3.879901E-16
4628.36  3.650473E-16
4629.43  3.497429E-16
4630.5  3.852838E-16
4631.57  3.822853E-16
4632.64  3.829868E-16
4633.71  3.518408E-16
4634.78  3.659098E-16
4635.85  3.330384E-16
4636.92  3.649147E-16
4637.99  3.587104E-16
4639.06  3.608720E-16
4640.13  3.779377E-16
4641.2  3.670197E-16
4642.27  3.572364E-16
4643.34  3.478563E-16
4644.41  3.613638E-16
4645.48  3.677001E-16
4646.55  3.389152E-16
4647.62  3.195813E-16
4648.69  3.157248E-16
4649.76  3.331051E-16
4650.83  3.439874E-16
4651.9  3.425154E-16
4652.97  3.520546E-16
4654.04  3.344003E-16
4655.11  3.180401E-16
4656.18  3.142875E-16
4657.25  3.265826E-16
4658.32  3.675230E-16
4659.39  3.513483E-16
4660.46  3.163579E-16
4661.53  3.336023E-16
4662.6  3.358902E-16
4663.67  3.178733E-16
4664.74  3.272054E-16
4665.81  3.349543E-16
4666.88  3.460437E-16
4667.95  3.396319E-16
4669.02  3.121800E-16
4670.09  3.350661E-16
4671.16  3.177065E-16
4672.23  3.043375E-16
4673.3  3.098631E-16
4674.37  3.216301E-16
4675.44  2.782756E-16
4676.51  3.144996E-16
4677.58  3.407144E-16
4678.65  3.113021E-16
4679.72  3.448233E-16
4680.79  3.144947E-16
4681.86  3.289445E-16
4682.93  3.391356E-16
4684.  3.102457E-16
4685.07  3.247075E-16
4686.14  2.978388E-16
4687.21  3.295089E-16
4688.28  2.858383E-16
4689.35  3.327684E-16
4690.42  3.319721E-16
4691.49  3.156735E-16
4692.56  3.105021E-16
4693.63  3.052609E-16
4694.7  3.059825E-16
4695.77  3.286390E-16
4696.84  3.050299E-16
4697.91  2.951298E-16
4698.98  3.329243E-16
4700.05  3.461316E-16
4701.12  3.256941E-16
4702.19  3.282402E-16
4703.26  3.144549E-16
4704.33  3.073291E-16
4705.4  3.202842E-16
4706.47  3.356026E-16
4707.54  3.518873E-16
4708.61  3.315151E-16
4709.68  3.211335E-16
4710.75  3.210853E-16
4711.82  3.460084E-16
4712.89  3.403692E-16
4713.96  3.368061E-16
4715.03  3.244943E-16
4716.1  3.284814E-16
4717.17  3.507022E-16
4718.24  3.240675E-16
4719.31  3.482955E-16
4720.38  3.188702E-16
4721.45  2.979291E-16
4722.52  3.369998E-16
4723.59  3.226388E-16
4724.66  3.295235E-16
4725.73  3.722005E-16
4726.8  3.737055E-16
4727.87  3.307664E-16
4728.94  3.374658E-16
4730.01  3.585048E-16
4731.08  3.451574E-16
4732.15  3.085156E-16
4733.22  3.244423E-16
4734.29  3.569099E-16
4735.36  3.429871E-16
4736.43  3.108821E-16
4737.5  2.930424E-16
4738.57  3.393314E-16
4739.64  3.520730E-16
4740.71  3.451349E-16
4741.78  3.230784E-16
4742.85  3.191106E-16
4743.92  3.409045E-16
4744.99  3.138441E-16
4746.06  3.405442E-16
4747.13  3.505778E-16
4748.2  3.457200E-16
4749.27  3.340181E-16
4750.34  3.404523E-16
4751.41  3.113335E-16
4752.48  3.040526E-16
4753.55  3.217599E-16
4754.62  3.301465E-16
4755.69  3.450413E-16
4756.76  3.087932E-16
4757.83  3.194235E-16
4758.9  3.120417E-16
4759.97  3.122000E-16
4761.04  3.151629E-16
4762.11  3.285124E-16
4763.18  3.321593E-16
4764.25  3.380794E-16
4765.32  3.352388E-16
4766.39  3.179503E-16
4767.46  2.985551E-16
4768.53  3.201522E-16
4769.6  3.255859E-16
4770.67  3.018576E-16
4771.74  2.900645E-16
4772.81  2.832909E-16
4773.88  3.155862E-16
4774.95  3.197949E-16
4776.02  3.136537E-16
4777.09  3.266946E-16
4778.16  3.123158E-16
4779.23  2.972139E-16
4780.3  2.658342E-16
4781.37  2.761178E-16
4782.44  3.218041E-16
4783.51  3.251273E-16
4784.58  3.117750E-16
4785.65  3.171658E-16
4786.72  3.072950E-16
4787.79  2.955375E-16
4788.86  2.965271E-16
4789.93  3.195781E-16
4791.  3.519039E-16
4792.07  3.271016E-16
4793.14  2.880424E-16
4794.21  3.086077E-16
4795.28  3.035362E-16
4796.35  3.172757E-16
4797.42  3.290466E-16
4798.49  3.093594E-16
4799.56  2.832518E-16
4800.63  2.819406E-16
4801.7  2.818381E-16
4802.77  3.269040E-16
4803.84  3.213337E-16
4804.91  3.086865E-16
4805.98  3.014515E-16
4807.05  3.137642E-16
4808.12  3.020158E-16
4809.19  2.912790E-16
4810.26  2.918532E-16
4811.33  2.967914E-16
4812.4  3.095874E-16
4813.47  3.241695E-16
4814.54  3.109466E-16
4815.61  2.825342E-16
4816.68  2.782039E-16
4817.75  2.746240E-16
4818.82  2.915587E-16
4819.89  3.054117E-16
4820.96  3.115418E-16
4822.03  2.780735E-16
4823.1  2.646793E-16
4824.17  2.806383E-16
4825.24  2.778292E-16
4826.31  2.687458E-16
4827.38  2.848554E-16
4828.45  2.758460E-16
4829.52  2.789982E-16
4830.59  2.882982E-16
4831.66  2.751225E-16
4832.73  2.567994E-16
4833.8  2.728082E-16
4834.87  2.633649E-16
4835.94  2.600923E-16
4837.01  2.760831E-16
4838.08  2.614497E-16
4839.15  2.652022E-16
4840.22  2.630878E-16
4841.29  2.556596E-16
4842.36  2.436825E-16
4843.43  2.449405E-16
4844.5  2.475174E-16
4845.57  2.254336E-16
4846.64  2.241219E-16
4847.71  2.184996E-16
4848.78  2.175269E-16
4849.85  2.129619E-16
4850.92  1.929397E-16
4851.99  1.910257E-16
4853.06  1.654864E-16
4854.13  1.773246E-16
4855.2  1.992499E-16
4856.27  1.705618E-16
4857.34  1.577665E-16
4858.41  1.659438E-16
4859.48  1.925523E-16
4860.55  2.014587E-16
4861.62  1.894936E-16
4862.69  1.659180E-16
4863.76  1.866689E-16
4864.83  1.865710E-16
4865.9  1.538172E-16
4866.97  1.797697E-16
4868.04  2.110122E-16
4869.11  2.258892E-16
4870.18  2.011932E-16
4871.25  2.018047E-16
4872.32  2.159367E-16
4873.39  2.319034E-16
4874.46  2.269208E-16
4875.53  2.357431E-16
4876.6  2.297466E-16
4877.67  2.054422E-16
4878.74  2.325295E-16
4879.81  2.391610E-16
4880.88  2.225787E-16
4881.95  2.299936E-16
4883.02  2.273032E-16
4884.09  2.050626E-16
4885.16  2.236070E-16
4886.23  2.414901E-16
4887.3  2.337938E-16
4888.37  2.501390E-16
4889.44  2.663594E-16
4890.51  2.709830E-16
4891.58  2.479613E-16
4892.65  2.403022E-16
4893.72  2.469797E-16
4894.79  2.395895E-16
4895.86  2.538843E-16
4896.93  2.712415E-16
4898.  2.842348E-16
4899.07  2.819708E-16
4900.14  2.474144E-16
4901.21  2.420316E-16
4902.28  2.606157E-16
4903.35  2.560131E-16
4904.42  2.647647E-16
4905.49  2.820197E-16
4906.56  2.631059E-16
4907.63  2.402920E-16
4908.7  2.527846E-16
4909.77  2.862455E-16
4910.84  3.013206E-16
4911.91  2.783515E-16
4912.98  2.639025E-16
4914.05  2.854362E-16
4915.12  2.896338E-16
4916.19  3.143235E-16
4917.26  3.108069E-16
4918.33  2.782288E-16
4919.4  2.670050E-16
4920.47  3.029548E-16
4921.54  3.029626E-16
4922.61  2.659270E-16
4923.68  2.626911E-16
4924.75  2.713239E-16
4925.82  2.681043E-16
4926.89  2.679140E-16
4927.96  2.775135E-16
4929.03  2.903871E-16
4930.1  2.983824E-16
4931.17  2.905499E-16
4932.24  2.899158E-16
4933.31  2.994493E-16
4934.38  3.110572E-16
4935.45  3.145712E-16
4936.52  2.994633E-16
4937.59  2.964634E-16
4938.66  2.856667E-16
4939.73  2.811615E-16
4940.8  2.998553E-16
4941.87  3.029168E-16
4942.94  2.812635E-16
4944.01  2.528390E-16
4945.08  2.737488E-16
4946.15  2.834180E-16
4947.22  2.788003E-16
4948.29  2.792840E-16
4949.36  2.819629E-16
4950.43  2.723332E-16
4951.5  2.760330E-16
4952.57  2.908860E-16
4953.64  2.846512E-16
4954.71  2.698951E-16
4955.78  2.757386E-16
4956.85  2.751761E-16
4957.92  2.588685E-16
4958.99  2.550797E-16
4960.06  2.649456E-16
4961.13  2.545132E-16
4962.2  2.666087E-16
4963.27  2.792434E-16
4964.34  2.657373E-16
4965.41  2.820393E-16
4966.48  2.639080E-16
4967.55  2.414221E-16
4968.62  2.882581E-16
4969.69  2.906582E-16
4970.76  2.667636E-16
4971.83  2.714582E-16
4972.9  2.713418E-16
4973.97  2.968758E-16
4975.04  2.873536E-16
4976.11  2.724730E-16
4977.18  2.731436E-16
4978.25  2.590212E-16
4979.32  2.436489E-16
4980.39  2.613268E-16
4981.46  2.896721E-16
4982.53  2.779031E-16
4983.6  2.683636E-16
4984.67  2.714764E-16
4985.74  2.929753E-16
4986.81  3.100231E-16
4987.88  2.800934E-16
4988.95  2.475097E-16
4990.02  2.911029E-16
4991.09  2.702910E-16
4992.16  2.636321E-16
4993.23  2.456806E-16
4994.3  2.573371E-16
4995.37  2.865513E-16
4996.44  2.755506E-16
4997.51  2.642402E-16
4998.58  2.941377E-16
4999.65  2.807785E-16
5000.72  2.394756E-16
5001.79  2.788266E-16
5002.86  2.537841E-16
5003.93  2.515655E-16
5005.  3.034181E-16
5006.07  3.198432E-16
5007.14  2.953969E-16
5008.21  2.655858E-16
5009.28  2.732141E-16
5010.35  2.511100E-16
5011.42  2.557460E-16
5012.49  2.596073E-16
5013.56  2.469372E-16
5014.63  2.362852E-16
5015.7  2.428886E-16
5016.77  2.409164E-16
5017.84  2.391157E-16
5018.91  2.508476E-16
5019.98  2.578595E-16
5021.05  2.679681E-16
5022.12  2.791584E-16
5023.19  2.856430E-16
5024.26  3.040778E-16
5025.33  2.751591E-16
5026.4  2.626384E-16
5027.47  2.610313E-16
5028.54  2.464653E-16
5029.61  2.574147E-16
5030.68  2.650134E-16
5031.75  2.918610E-16
5032.82  3.005296E-16
5033.89  2.620707E-16
5034.96  2.450556E-16
5036.03  2.636726E-16
5037.1  2.689015E-16
5038.17  2.605427E-16
5039.24  2.879489E-16
5040.31  2.875249E-16
5041.38  2.473294E-16
5042.45  2.534748E-16
5043.52  2.750948E-16
5044.59  2.611288E-16
5045.66  2.537565E-16
5046.73  2.725687E-16
5047.8  2.494880E-16
5048.87  2.441558E-16
5049.94  2.568309E-16
5051.01  2.574877E-16
5052.08  2.787160E-16
5053.15  2.694115E-16
5054.22  2.458782E-16
5055.29  2.461459E-16
5056.36  2.621589E-16
5057.43  2.711313E-16
5058.5  2.699294E-16
5059.57  2.676422E-16
5060.64  2.796349E-16
5061.71  2.565004E-16
5062.78  2.669411E-16
5063.85  2.565633E-16
5064.92  2.672083E-16
5065.99  2.646388E-16
5067.06  2.470646E-16
5068.13  2.433495E-16
5069.2  2.625950E-16
5070.27  2.631751E-16
5071.34  2.409480E-16
5072.41  2.447266E-16
5073.48  2.317160E-16
5074.55  2.443156E-16
5075.62  2.575719E-16
5076.69  2.690306E-16
5077.76  3.009957E-16
5078.83  2.804986E-16
5079.9  2.652839E-16
5080.97  2.493826E-16
5082.04  2.274846E-16
5083.11  2.344374E-16
5084.18  2.595014E-16
5085.25  2.764208E-16
5086.32  2.641950E-16
5087.39  2.619887E-16
5088.46  2.512258E-16
5089.53  2.352896E-16
5090.6  2.512508E-16
5091.67  2.717804E-16
5092.74  2.664547E-16
5093.81  2.772809E-16
5094.88  2.789955E-16
5095.95  2.378917E-16
5097.02  2.304450E-16
5098.09  2.301923E-16
5099.16  2.586982E-16
5100.23  2.770030E-16
5101.3  2.550080E-16
5102.37  2.470982E-16
5103.44  2.364886E-16
5104.51  2.462349E-16
5105.58  2.728140E-16
5106.65  2.741538E-16
5107.72  2.691858E-16
5108.79  2.430473E-16
5109.86  2.428137E-16
5110.93  2.660581E-16
5112.  2.425078E-16
5113.07  2.301428E-16
5114.14  2.149701E-16
5115.21  2.359522E-16
5116.28  2.521920E-16
5117.35  2.425942E-16
5118.42  2.623620E-16
5119.49  2.785108E-16
5120.56  2.587101E-16
5121.63  2.395647E-16
5122.7  2.424273E-16
5123.77  2.530538E-16
5124.84  2.727763E-16
5125.91  2.687858E-16
5126.98  2.579190E-16
5128.05  2.745841E-16
5129.12  2.564673E-16
5130.19  2.446225E-16
5131.26  2.477635E-16
5132.33  2.473911E-16
5133.4  2.477236E-16
5134.47  2.564731E-16
5135.54  2.503350E-16
5136.61  2.355926E-16
5137.68  2.469272E-16
5138.75  2.370929E-16
5139.82  2.184575E-16
5140.89  2.371568E-16
5141.96  2.528835E-16
5143.03  2.753202E-16
5144.1  2.305054E-16
5145.17  2.229098E-16
5146.24  2.574277E-16
5147.31  2.334997E-16
5148.38  2.455902E-16
5149.45  2.936249E-16
5150.52  2.559346E-16
5151.59  2.488355E-16
5152.66  2.534504E-16
5153.73  2.673999E-16
5154.8  2.738083E-16
5155.87  2.615864E-16
5156.94  2.148961E-16
5158.01  2.467653E-16
5159.08  2.558323E-16
5160.15  2.421917E-16
5161.22  2.652802E-16
5162.29  2.686366E-16
5163.36  2.618153E-16
5164.43  2.741163E-16
5165.5  2.675954E-16
5166.57  2.401841E-16
5167.64  2.339826E-16
5168.71  2.268053E-16
5169.78  2.487112E-16
5170.85  2.597421E-16
5171.92  2.698876E-16
5172.99  2.539356E-16
5174.06  2.382036E-16
5175.13  2.550092E-16
5176.2  2.584643E-16
5177.27  2.476978E-16
5178.34  2.442488E-16
5179.41  2.420896E-16
5180.48  2.519782E-16
5181.55  2.548494E-16
5182.62  2.520178E-16
5183.69  2.463862E-16
5184.76  2.621755E-16
5185.83  2.869975E-16
5186.9  2.576307E-16
5187.97  2.427524E-16
5189.04  2.663858E-16
5190.11  2.639831E-16
5191.18  2.430650E-16
5192.25  2.416874E-16
5193.32  2.594324E-16
5194.39  2.684182E-16
5195.46  2.302376E-16
5196.53  2.182599E-16
5197.6  2.376708E-16
5198.67  2.392818E-16
5199.74  2.478516E-16
5200.81  2.613910E-16
5201.88  2.304712E-16
5202.95  2.218297E-16
5204.02  2.531145E-16
5205.09  2.445568E-16
5206.16  2.341150E-16
5207.23  2.447358E-16
5208.3  2.404106E-16
5209.37  2.422176E-16
5210.44  2.390620E-16
5211.51  2.465639E-16
5212.58  2.248086E-16
5213.65  2.438824E-16
5214.72  2.608201E-16
5215.79  2.372750E-16
5216.86  2.470508E-16
5217.93  2.697173E-16
5219.  2.568742E-16
5220.07  2.322351E-16
5221.14  2.483665E-16
5222.21  2.671813E-16
5223.28  2.648179E-16
5224.35  2.761658E-16
5225.42  2.388977E-16
5226.49  2.506242E-16
5227.56  2.498346E-16
5228.63  2.699327E-16
5229.7  2.790958E-16
5230.77  2.364566E-16
5231.84  2.334701E-16
5232.91  2.125944E-16
5233.98  2.398816E-16
5235.05  2.438194E-16
5236.12  2.393196E-16
5237.19  2.511602E-16
5238.26  2.281018E-16
5239.33  2.286100E-16
5240.4  2.226626E-16
5241.47  2.136068E-16
5242.54  2.252001E-16
5243.61  2.392231E-16
5244.68  2.542111E-16
5245.75  2.408716E-16
5246.82  2.132860E-16
5247.89  2.250107E-16
5248.96  2.387451E-16
5250.03  2.190187E-16
5251.1  2.400408E-16
5252.17  2.586469E-16
5253.24  2.258154E-16
5254.31  2.410744E-16
5255.38  2.457725E-16
5256.45  2.293944E-16
5257.52  2.571334E-16
5258.59  2.487845E-16
5259.66  2.176081E-16
5260.73  2.199631E-16
5261.8  2.310959E-16
5262.87  2.265542E-16
5263.94  2.163752E-16
5265.01  2.243644E-16
5266.08  2.360035E-16
5267.15  2.341231E-16
5268.22  2.177657E-16
5269.29  2.253476E-16
5270.36  2.400653E-16
5271.43  2.214647E-16
5272.5  2.151776E-16
5273.57  2.122501E-16
5274.64  2.085747E-16
5275.71  2.123346E-16
5276.78  1.844656E-16
5277.85  1.894581E-16
5278.92  2.214753E-16
5279.99  2.281249E-16
5281.06  2.558938E-16
5282.13  2.361597E-16
5283.2  2.039486E-16
5284.27  2.336354E-16
5285.34  2.268881E-16
5286.41  2.144195E-16
5287.48  2.222333E-16
5288.55  2.191699E-16
5289.62  2.243082E-16
5290.69  2.429384E-16
5291.76  2.375680E-16
5292.83  2.104968E-16
5293.9  2.271125E-16
5294.97  2.299306E-16
5296.04  2.344392E-16
5297.11  2.357167E-16
5298.18  2.231675E-16
5299.25  2.273360E-16
5300.32  2.466465E-16
5301.39  2.011554E-16
5302.46  2.050967E-16
5303.53  2.404184E-16
5304.6  2.107764E-16
5305.67  2.168149E-16
5306.74  2.339055E-16
5307.81  2.217634E-16
5308.88  2.468125E-16
5309.95  2.341986E-16
5311.02  2.393284E-16
5312.09  2.275579E-16
5313.16  2.112107E-16
5314.23  2.336588E-16
5315.3  2.833302E-16
5316.37  2.510763E-16
5317.44  2.537095E-16
5318.51  2.390872E-16
5319.58  2.374856E-16
5320.65  2.406052E-16
5321.72  2.247071E-16
5322.79  2.247743E-16
5323.86  2.241925E-16
5324.93  2.268612E-16
5326.  2.129392E-16
5327.07  2.272225E-16
5328.14  2.339609E-16
5329.21  2.252350E-16
5330.28  2.057211E-16
5331.35  2.124753E-16
5332.42  2.203120E-16
5333.49  2.221115E-16
5334.56  2.325563E-16
5335.63  2.425699E-16
5336.7  2.383167E-16
5337.77  2.314181E-16
5338.84  2.498773E-16
5339.91  2.437296E-16
5340.98  2.313652E-16
5342.05  2.289466E-16
5343.12  2.226088E-16
5344.19  2.506928E-16
5345.26  2.600137E-16
5346.33  2.287045E-16
5347.4  2.292125E-16
5348.47  2.531971E-16
5349.54  2.427351E-16
5350.61  2.323421E-16
5351.68  2.540295E-16
5352.75  2.324797E-16
5353.82  2.370341E-16
5354.89  2.712640E-16
5355.96  2.276132E-16
5357.03  2.409887E-16
5358.1  2.544386E-16
5359.17  2.173331E-16
5360.24  2.354618E-16
5361.31  2.946613E-16
5362.38  2.750060E-16
5363.45  2.361351E-16
5364.52  2.274889E-16
5365.59  2.439701E-16
5366.66  2.456561E-16
5367.73  2.192705E-16
5368.8  2.334378E-16
5369.87  2.491748E-16
5370.94  2.326370E-16
5372.01  2.414384E-16
5373.08  2.303348E-16
5374.15  2.216891E-16
5375.22  2.194118E-16
5376.29  1.941597E-16
5377.36  1.842291E-16
5378.43  2.129393E-16
5379.5  2.577479E-16
5380.57  2.857290E-16
5381.64  2.859189E-16
5382.71  2.441782E-16
5383.78  1.958917E-16
5384.85  1.980531E-16
5385.92  2.279904E-16
5386.99  2.298621E-16
5388.06  2.126113E-16
5389.13  2.075230E-16
5390.2  2.102475E-16
5391.27  1.939277E-16
5392.34  1.829493E-16
5393.41  2.079456E-16
5394.48  2.447483E-16
5395.55  2.433084E-16
5396.62  2.212976E-16
5397.69  2.127308E-16
5398.76  2.146534E-16
5399.83  2.277349E-16
5400.9  2.223928E-16
5401.97  1.917505E-16
5403.04  1.838339E-16
5404.11  2.239305E-16
5405.18  2.338158E-16
5406.25  2.360376E-16
5407.32  2.207765E-16
5408.39  2.174697E-16
5409.46  1.972348E-16
5410.53  2.078288E-16
5411.6  2.308039E-16
5412.67  2.390832E-16
5413.74  2.642204E-16
5414.81  2.350617E-16
5415.88  2.209932E-16
5416.95  2.308464E-16
5418.02  2.328507E-16
5419.09  2.296894E-16
5420.16  2.128478E-16
5421.23  1.857776E-16
5422.3  1.702508E-16
5423.37  1.752095E-16
5424.44  2.124490E-16
5425.51  2.169868E-16
5426.58  1.898483E-16
5427.65  1.922319E-16
5428.72  1.801688E-16
5429.79  2.040247E-16
5430.86  2.093710E-16
5431.93  2.051621E-16
5433.  2.055508E-16
5434.07  1.611957E-16
5435.14  2.075886E-16
5436.21  2.083997E-16
5437.28  2.097842E-16
5438.35  2.449219E-16
5439.42  2.164559E-16
5440.49  2.110196E-16
5441.56  2.271308E-16
5442.63  2.359118E-16
5443.7  2.240536E-16
5444.77  2.271366E-16
5445.84  1.637887E-16
5446.91  2.107113E-16
5447.98  2.168926E-16
5449.05  2.216911E-16
5450.12  1.776519E-16
5451.19  1.567444E-16
5452.26  2.219797E-16
5453.33  2.199992E-16
5454.4  2.243428E-16
5455.47  2.592672E-16
5456.54  2.394966E-16
5457.61  2.050221E-16
5458.68  1.626068E-16
5459.75  2.079080E-16
5460.82  1.870495E-16
5461.89  1.821258E-16
5462.96  1.996290E-16
5464.03  2.552529E-16
5465.1  2.930843E-16
5466.17  2.330107E-16
5467.24  2.267600E-16
5468.31  2.320513E-16
5469.38  2.254882E-16
5470.45  2.288091E-16
5471.52  2.106595E-16
5472.59  2.432401E-16
5473.66  2.260264E-16
5474.73  2.060625E-16
5475.8  2.154325E-16
5476.87  1.778548E-16
5477.94  1.937202E-16
5479.01  2.083195E-16
5480.08  2.344436E-16
5481.15  2.381396E-16
5482.22  2.079132E-16
5483.29  1.884550E-16
5484.36  2.077648E-16
5485.43  2.629681E-16
5486.5  2.604574E-16
5487.57  2.658348E-16
5488.64  2.572579E-16
5489.71  2.586958E-16
5490.78  2.404043E-16
5491.85  2.242618E-16
5492.92  2.379515E-16
5493.99  2.689410E-16
5495.06  2.479448E-16
5496.13  2.285614E-16
5497.2  2.116180E-16
5498.27  2.198193E-16
5499.34  2.473920E-16
5500.41  2.290150E-16
5501.48  1.798437E-16
5502.55  2.006949E-16
5503.62  2.438490E-16
5504.69  2.567050E-16
5505.76  2.391177E-16
5506.83  2.689064E-16
5507.9  2.573860E-16
5508.97  2.428827E-16
5510.04  2.895014E-16
5511.11  2.491919E-16
5512.18  2.075401E-16
5513.25  2.242048E-16
5514.32  2.030968E-16
5515.39  2.145693E-16
5516.46  2.647471E-16
5517.53  2.471041E-16
5518.6  2.296070E-16
5519.67  2.108194E-16
5520.74  2.582590E-16
5521.81  2.501578E-16
5522.88  2.780649E-16
5523.95  2.494172E-16
5525.02  2.364861E-16
5526.09  2.342250E-16
5527.16  2.402329E-16
5528.23  2.426563E-16
5529.3  2.401387E-16
5530.37  2.822086E-16
5531.44  2.604893E-16
5532.51  3.101834E-16
5533.58  3.327112E-16
5534.65  2.881638E-16
5535.72  2.809393E-16
5536.79  2.436482E-16
5537.86  2.580528E-16
5538.93  3.262614E-16
5540.  2.888634E-16
5541.07  2.174717E-16
5542.14  2.388791E-16
5543.21  2.350734E-16
5544.28  2.275726E-16
5545.35  2.190268E-16
5546.42  2.260739E-16
5547.49  2.987349E-16
5548.56  3.190189E-16
5549.63  2.537297E-16
5550.7  1.915386E-16
5551.77  2.238056E-16
5552.84  2.363410E-16
5553.91  1.663723E-16
5554.98  1.274900E-16
5556.05  1.673086E-16
5557.12  2.403108E-16
5558.19  1.979622E-16
5559.26  2.062238E-16
5560.33  2.559657E-16
5561.4  1.854078E-16
5562.47  1.447361E-16
5563.54  1.282871E-16
5564.61  1.691244E-16
5565.68  2.565611E-16
5566.75  2.582152E-16
5567.82  2.728432E-16
5568.89  2.787889E-16
5569.96  2.486967E-16
5571.03  2.169617E-16
5572.1  1.573043E-16
5573.17  1.143385E-16
5574.24  1.001824E-16
5575.31  1.351660E-16
5576.38  2.580988E-16
5577.45  3.859747E-16
5578.52  2.188742E-16
5579.59  1.636262E-16
5580.66  2.821039E-16
5581.73  2.544958E-16
5582.8  1.830270E-16
5583.87  1.845994E-16
5584.94  1.754521E-16
5586.01  1.344969E-16
5587.08  2.203753E-16
5588.15  2.950139E-16
5589.22  2.672164E-16
5590.29  1.758630E-16
5591.36  1.234123E-16
5592.43  1.546584E-16
5593.5  1.124085E-16
5594.57  1.517368E-16
5595.64  1.527183E-16
5596.71  1.689602E-16
5597.78  2.761419E-16
5598.85  1.631486E-16
5599.92  1.178751E-16
5600.99  2.018444E-16
5602.06  1.669814E-16
5603.13  1.700322E-16
5604.2  2.308621E-16
5605.27  3.033392E-16
5606.34  1.997964E-16
5607.41  1.346622E-16
5608.48  1.861446E-16
5609.55  3.211436E-16
5610.62  2.671039E-16
5611.69  1.995427E-16
5612.76  1.455425E-16
5613.83  1.250991E-16
5614.9  1.752838E-16
5615.97  2.017166E-16
5617.04  1.124332E-16
5618.11  -2.341602E-17
5619.18  9.536945E-17
5620.25  1.950644E-16
5621.32  2.362729E-16
5622.39  2.136160E-16
5623.46  1.082292E-16
5624.53  1.215494E-16
5625.6  2.636407E-16
5626.67  2.945384E-16
5627.74  2.249824E-16
5628.81  1.834556E-16
5629.88  1.756749E-16
5630.95  1.987323E-16
5632.02  2.273147E-16
5633.09  2.490858E-16
5634.16  1.970723E-16
5635.23  2.369056E-16
5636.3  3.141247E-16
5637.37  1.891203E-16
5638.44  1.043176E-16
5639.51  1.626492E-16
5640.58  3.523558E-16
5641.65  3.590485E-16
5642.72  3.022521E-16
5643.79  2.380601E-16
5644.86  2.253598E-16
5645.93  1.884691E-16
5647.  1.261005E-16
5648.07  1.875908E-16
5649.14  1.792971E-16
5650.21  2.038468E-16
5651.28  2.262904E-16
5652.35  3.649520E-16
5653.42  2.870606E-16
5654.49  2.969053E-16
5655.56  3.536341E-16
5656.63  2.645033E-16
5657.7  2.922063E-16
5658.77  3.175299E-16
5659.84  3.839727E-16
5660.91  3.897212E-16
5661.98  1.763641E-16
5663.05  3.308447E-16
5664.12  4.317131E-16
5665.19  1.798284E-16
5666.26  1.785189E-16
5667.33  3.014363E-16
5668.4  2.631206E-16
5669.47  2.020016E-16
5670.54  6.130956E-16
5671.61  5.035916E-16
5672.68  -2.684007E-17
5673.75  1.666743E-16
5674.82  4.569352E-16
5675.89  4.262482E-16
5676.96  2.719404E-16
5678.03  3.507106E-16
5679.1  3.464033E-16
5680.17  1.441048E-16
5681.24  4.269008E-16
5682.31  4.735691E-16
5683.38  3.328302E-16
5684.45  4.328608E-16
5685.52  6.895854E-16
5686.59  6.287459E-16
5687.66  -9.338355E-18
5688.73  2.441463E-17
5689.8  5.362628E-16
5690.87  4.095585E-16
5691.94  2.645582E-17
5693.01  7.326353E-17
5694.08  4.131682E-16
5695.15  2.030390E-16
5696.22  5.064275E-16
5697.29  3.094264E-16
5698.36  -6.131280E-17
5699.43  6.250033E-16
5700.5  6.182019E-16
