3400.  6.352656E-16
3401.07  6.148011E-16
3402.14  6.703318E-16
3403.21  7.225655E-16
3404.28  6.657140E-16
3405.35  6.648470E-16
3406.42  6.831428E-16
3407.49  6.359018E-16
3408.56  6.504625E-16
3409.63  7.957807E-16
3410.7  7.828815E-16
3411.77  7.489077E-16
3412.84  6.531852E-16
3413.91  6.637147E-16
3414.98  7.676519E-16
3416.05  7.778091E-16
3417.12  8.224008E-16
3418.19  8.317238E-16
3419.26  7.943634E-16
3420.33  7.154371E-16
3421.4  6.118656E-16
3422.47  6.238889E-16
3423.54  6.594380E-16
3424.61  6.077198E-16
3425.68  5.058203E-16
3426.75  4.829599E-16
3427.82  5.919117E-16
3428.89  5.515875E-16
3429.96  6.259910E-16
3431.03  6.019978E-16
3432.1  4.866979E-16
3433.17  5.156615E-16
3434.24  6.179124E-16
3435.31  5.160862E-16
3436.38  5.374016E-16
3437.45  5.036046E-16
3438.52  5.764654E-16
3439.59  5.125925E-16
3440.66  6.373504E-16
3441.73  5.199925E-16
3442.8  3.603026E-16
3443.87  5.487257E-16
3444.94  5.379894E-16
3446.01  5.262075E-16
3447.08  5.285329E-16
3448.15  5.275013E-16
3449.22  5.272707E-16
3450.29  5.285083E-16
3451.36  6.242736E-16
3452.43  5.694582E-16
3453.5  5.928005E-16
3454.57  5.825992E-16
3455.64  5.228553E-16
3456.71  5.796278E-16
3457.78  5.792628E-16
3458.85  3.918439E-16
3459.92  6.131474E-16
3460.99  5.039383E-16
3462.06  5.628397E-16
3463.13  5.686512E-16
3464.2  5.089600E-16
3465.27  5.131804E-16
3466.34  6.099929E-16
3467.41  5.913475E-16
3468.48  4.555873E-16
3469.55  4.696725E-16
3470.62  7.121232E-16
3471.69  6.795090E-16
3472.76  6.248587E-16
3473.83  5.521309E-16
3474.9  5.976695E-16
3475.97  6.445103E-16
3477.04  4.812105E-16
3478.11  6.416036E-16
3479.18  5.372178E-16
3480.25  4.394683E-16
3481.32  4.558947E-16
3482.39  4.991954E-16
3483.46  3.527826E-16
3484.53  5.638940E-16
3485.6  6.229454E-16
3486.67  4.664542E-16
3487.74  4.590747E-16
3488.81  4.504942E-16
3489.88  4.459648E-16
3490.95  4.386628E-16
3492.02  4.875297E-16
3493.09  5.078422E-16
3494.16  5.053982E-16
3495.23  4.614628E-16
3496.3  5.297445E-16
3497.37  5.127978E-16
3498.44  5.477342E-16
3499.51  4.684184E-16
3500.58  5.023231E-16
3501.65  4.416776E-16
3502.72  5.033573E-16
3503.79  4.674160E-16
3504.86  5.070178E-16
3505.93  5.019467E-16
3507.  5.358861E-16
3508.07  4.775486E-16
3509.14  4.982380E-16
3510.21  4.805687E-16
3511.28  4.800101E-16
3512.35  5.631866E-16
3513.42  6.270967E-16
3514.49  5.482023E-16
3515.56  4.869427E-16
3516.63  4.943574E-16
3517.7  5.115783E-16
3518.77  4.071698E-16
3519.84  4.673788E-16
3520.91  4.757953E-16
3521.98  5.677399E-16
3523.05  4.896718E-16
3524.12  5.254908E-16
3525.19  5.899805E-16
3526.26  6.176940E-16
3527.33  5.179226E-16
3528.4  5.600019E-16
3529.47  6.142200E-16
3530.54  5.798754E-16
3531.61  5.252245E-16
3532.68  5.643354E-16
3533.75  5.910651E-16
3534.82  6.162366E-16
3535.89  6.118472E-16
3536.96  5.923445E-16
3538.03  5.926112E-16
3539.1  5.660458E-16
3540.17  5.381089E-16
3541.24  5.430882E-16
3542.31  6.405167E-16
3543.38  6.096898E-16
3544.45  5.686199E-16
3545.52  5.504103E-16
3546.59  5.023694E-16
3547.66  5.590239E-16
3548.73  5.590192E-16
3549.8  5.605469E-16
3550.87  6.436460E-16
3551.94  5.932580E-16
3553.01  6.330623E-16
3554.08  5.407606E-16
3555.15  5.558024E-16
3556.22  5.636180E-16
3557.29  5.558693E-16
3558.36  5.779419E-16
3559.43  5.819570E-16
3560.5  5.409934E-16
3561.57  5.580157E-16
3562.64  5.498476E-16
3563.71  4.881935E-16
3564.78  5.109060E-16
3565.85  4.837405E-16
3566.92  4.919532E-16
3567.99  3.895039E-16
3569.06  3.774193E-16
3570.13  4.377937E-16
3571.2  5.043903E-16
3572.27  4.531448E-16
3573.34  4.252304E-16
3574.41  4.028634E-16
3575.48  4.322067E-16
3576.55  4.331072E-16
3577.62  4.259205E-16
3578.69  4.666047E-16
3579.76  4.756793E-16
3580.83  4.867009E-16
3581.9  5.187160E-16
3582.97  5.102354E-16
3584.04  4.937303E-16
3585.11  5.074528E-16
3586.18  4.452061E-16
3587.25  4.384682E-16
3588.32  4.543668E-16
3589.39  5.115000E-16
3590.46  4.894388E-16
3591.53  4.634348E-16
3592.6  4.180086E-16
3593.67  4.438709E-16
3594.74  4.965409E-16
3595.81  5.257263E-16
3596.88  5.569881E-16
3597.95  5.211606E-16
3599.02  4.840828E-16
3600.09  5.033737E-16
3601.16  5.052999E-16
3602.23  4.853352E-16
3603.3  4.804832E-16
3604.37  4.704034E-16
3605.44  4.733586E-16
3606.51  4.537435E-16
3607.58  5.171104E-16
3608.65  5.391885E-16
3609.72  5.358078E-16
3610.79  5.492217E-16
3611.86  5.138247E-16
3612.93  5.581520E-16
3614.  6.118388E-16
3615.07  5.678494E-16
3616.14  5.857700E-16
3617.21  5.396442E-16
3618.28  5.155552E-16
3619.35  5.421414E-16
3620.42  5.318878E-16
3621.49  5.309423E-16
3622.56  4.947299E-16
3623.63  4.536023E-16
3624.7  5.317426E-16
3625.77  5.916103E-16
3626.84  5.603039E-16
3627.91  4.974346E-16
3628.98  4.859204E-16
3630.05  4.972511E-16
3631.12  4.840855E-16
3632.19  4.429842E-16
3633.26  4.760634E-16
3634.33  5.353467E-16
3635.4  5.237863E-16
3636.47  4.674873E-16
3637.54  4.899033E-16
3638.61  5.113011E-16
3639.68  4.538448E-16
3640.75  4.421674E-16
3641.82  4.465168E-16
3642.89  4.163662E-16
3643.96  3.677301E-16
3645.03  4.441005E-16
3646.1  4.876502E-16
3647.17  4.620454E-16
3648.24  4.743906E-16
3649.31  4.641912E-16
3650.38  4.297488E-16
3651.45  3.745043E-16
3652.52  4.101216E-16
3653.59  4.409236E-16
3654.66  4.069255E-16
3655.73  3.360035E-16
3656.8  3.458642E-16
3657.87  3.951756E-16
3658.94  3.959568E-16
3660.01  4.313480E-16
3661.08  4.266830E-16
3662.15  4.332691E-16
3663.22  3.864716E-16
3664.29  3.909458E-16
3665.36  3.922706E-16
3666.43  3.739575E-16
3667.5  3.352546E-16
3668.57  3.393763E-16
3669.64  3.776325E-16
3670.71  4.293474E-16
3671.78  4.029913E-16
3672.85  4.112880E-16
3673.92  3.866963E-16
3674.99  3.751665E-16
3676.06  3.641569E-16
3677.13  4.191664E-16
3678.2  4.493158E-16
3679.27  4.242548E-16
3680.34  4.113665E-16
3681.41  4.499265E-16
3682.48  4.773711E-16
3683.55  4.923204E-16
3684.62  4.187525E-16
3685.69  4.397242E-16
3686.76  4.497067E-16
3687.83  4.565397E-16
3688.9  4.338821E-16
3689.97  4.362546E-16
3691.04  4.856473E-16
3692.11  4.654315E-16
3693.18  4.975086E-16
3694.25  5.507709E-16
3695.32  5.334757E-16
3696.39  4.551553E-16
3697.46  4.992454E-16
3698.53  4.907656E-16
3699.6  5.281086E-16
3700.67  4.806836E-16
3701.74  4.758537E-16
3702.81  5.276953E-16
3703.88  5.487163E-16
3704.95  5.463383E-16
3706.02  5.093949E-16
3707.09  5.756719E-16
3708.16  4.843987E-16
3709.23  4.761883E-16
3710.3  5.115072E-16
3711.37  4.573009E-16
3712.44  4.801721E-16
3713.51  4.847767E-16
3714.58  4.656938E-16
3715.65  5.146489E-16
3716.72  5.090409E-16
3717.79  5.193297E-16
3718.86  4.291848E-16
3719.93  4.666995E-16
3721.  4.685796E-16
3722.07  4.632203E-16
3723.14  4.528649E-16
3724.21  4.124825E-16
3725.28  4.470527E-16
3726.35  4.040574E-16
3727.42  4.081443E-16
3728.49  3.942786E-16
3729.56  4.565545E-16
3730.63  4.439860E-16
3731.7  4.244524E-16
3732.77  3.577034E-16
3733.84  3.729213E-16
3734.91  4.383188E-16
3735.98  4.236373E-16
3737.05  4.261425E-16
3738.12  3.749957E-16
3739.19  3.705909E-16
3740.26  3.918317E-16
3741.33  3.841741E-16
3742.4  3.463279E-16
3743.47  3.543549E-16
3744.54  3.652268E-16
3745.61  3.477856E-16
3746.68  3.638928E-16
3747.75  3.824895E-16
3748.82  3.554775E-16
3749.89  3.507589E-16
3750.96  3.748813E-16
3752.03  3.545544E-16
3753.1  4.001539E-16
3754.17  3.782645E-16
3755.24  3.146578E-16
3756.31  3.474960E-16
3757.38  3.487726E-16
3758.45  3.216555E-16
3759.52  3.461013E-16
3760.59  3.748952E-16
3761.66  3.600686E-16
3762.73  3.453884E-16
3763.8  3.476605E-16
3764.87  3.820984E-16
3765.94  3.641224E-16
3767.01  3.748410E-16
3768.08  3.717549E-16
3769.15  3.493730E-16
3770.22  3.539511E-16
3771.29  3.461392E-16
3772.36  3.334847E-16
3773.43  3.254195E-16
3774.5  3.416262E-16
3775.57  3.645966E-16
3776.64  3.876505E-16
3777.71  3.752504E-16
3778.78  3.436309E-16
3779.85  3.626843E-16
3780.92  3.738983E-16
3781.99  3.732345E-16
3783.06  3.757905E-16
3784.13  4.075250E-16
3785.2  3.569080E-16
3786.27  3.526487E-16
3787.34  3.845371E-16
3788.41  3.561264E-16
3789.48  3.936958E-16
3790.55  3.972005E-16
3791.62  3.619030E-16
3792.69  3.657067E-16
3793.76  3.616625E-16
3794.83  3.249186E-16
3795.9  3.504813E-16
3796.97  4.122560E-16
3798.04  3.719695E-16
3799.11  3.904969E-16
3800.18  3.787830E-16
3801.25  3.683137E-16
3802.32  3.620690E-16
3803.39  3.653147E-16
3804.46  4.330400E-16
3805.53  4.036321E-16
3806.6  3.898729E-16
3807.67  4.147843E-16
3808.74  4.373276E-16
3809.81  4.370258E-16
3810.88  4.393213E-16
3811.95  4.075393E-16
3813.02  4.196296E-16
3814.09  4.397235E-16
3815.16  4.261057E-16
3816.23  3.977684E-16
3817.3  4.074163E-16
3818.37  4.544418E-16
3819.44  4.446769E-16
3820.51  4.193729E-16
3821.58  4.287597E-16
3822.65  4.184507E-16
3823.72  3.918751E-16
3824.79  4.138202E-16
3825.86  3.913606E-16
3826.93  3.737042E-16
3828.  3.871369E-16
3829.07  4.093613E-16
3830.14  4.046583E-16
3831.21  3.702158E-16
3832.28  3.464020E-16
3833.35  3.446460E-16
3834.42  3.424071E-16
3835.49  3.278590E-16
3836.56  3.448944E-16
3837.63  4.349066E-16
3838.7  4.442000E-16
3839.77  4.238638E-16
3840.84  4.344927E-16
3841.91  3.827965E-16
3842.98  3.616151E-16
3844.05  3.726904E-16
3845.12  3.801032E-16
3846.19  4.016895E-16
3847.26  3.981237E-16
3848.33  3.912920E-16
3849.4  4.350990E-16
3850.47  4.573543E-16
3851.54  4.560420E-16
3852.61  4.162068E-16
3853.68  3.637981E-16
3854.75  3.761249E-16
3855.82  3.874701E-16
3856.89  3.819598E-16
3857.96  3.767045E-16
3859.03  4.401151E-16
3860.1  4.282986E-16
3861.17  3.703044E-16
3862.24  4.067045E-16
3863.31  4.252360E-16
3864.38  3.968828E-16
3865.45  3.729704E-16
3866.52  3.869533E-16
3867.59  4.054818E-16
3868.66  3.974600E-16
3869.73  3.750546E-16
3870.8  3.672843E-16
3871.87  3.580402E-16
3872.94  3.809853E-16
3874.01  3.881498E-16
3875.08  4.043594E-16
3876.15  3.929335E-16
3877.22  3.701796E-16
3878.29  3.360643E-16
3879.36  3.442083E-16
3880.43  3.415935E-16
3881.5  3.194088E-16
3882.57  3.154538E-16
3883.64  3.070979E-16
3884.71  2.970093E-16
3885.78  2.914394E-16
3886.85  3.035080E-16
3887.92  3.175416E-16
3888.99  3.231784E-16
3890.06  2.986311E-16
3891.13  2.807351E-16
3892.2  2.893765E-16
3893.27  2.822667E-16
3894.34  2.950967E-16
3895.41  3.269715E-16
3896.48  3.260036E-16
3897.55  3.284311E-16
3898.62  3.139970E-16
3899.69  3.378658E-16
3900.76  3.473654E-16
3901.83  3.760849E-16
3902.9  4.212652E-16
3903.97  3.869582E-16
3905.04  4.023658E-16
3906.11  4.062396E-16
3907.18  4.068650E-16
3908.25  4.082428E-16
3909.32  3.969224E-16
3910.39  3.852675E-16
3911.46  4.085077E-16
3912.53  3.944984E-16
3913.6  3.998074E-16
3914.67  4.236863E-16
3915.74  4.138624E-16
3916.81  3.662287E-16
3917.88  3.933100E-16
3918.95  4.484795E-16
3920.02  4.645645E-16
3921.09  4.144119E-16
3922.16  4.243362E-16
3923.23  4.295530E-16
3924.3  4.285254E-16
3925.37  4.373632E-16
3926.44  4.273436E-16
3927.51  4.347715E-16
3928.58  4.680687E-16
3929.65  4.546634E-16
3930.72  4.302774E-16
3931.79  4.195179E-16
3932.86  4.149604E-16
3933.93  4.360014E-16
3935.  4.318345E-16
3936.07  4.212163E-16
3937.14  4.113683E-16
3938.21  4.043779E-16
3939.28  4.210454E-16
3940.35  4.420462E-16
3941.42  4.274951E-16
3942.49  4.092934E-16
3943.56  3.883307E-16
3944.63  3.977442E-16
3945.7  3.839649E-16
3946.77  4.026772E-16
3947.84  4.066655E-16
3948.91  3.819703E-16
3949.98  3.611608E-16
3951.05  3.415352E-16
3952.12  4.002006E-16
3953.19  3.917590E-16
3954.26  3.445711E-16
3955.33  3.406416E-16
3956.4  3.254526E-16
3957.47  3.070540E-16
3958.54  2.949687E-16
3959.61  2.791536E-16
3960.68  3.054154E-16
3961.75  3.135619E-16
3962.82  2.704261E-16
3963.89  2.967618E-16
3964.96  2.947406E-16
3966.03  2.359560E-16
3967.1  2.093154E-16
3968.17  2.439022E-16
3969.24  2.614849E-16
3970.31  2.481365E-16
3971.38  2.552584E-16
3972.45  2.579331E-16
3973.52  2.861627E-16
3974.59  2.807419E-16
3975.66  3.127328E-16
3976.73  2.825443E-16
3977.8  2.772391E-16
3978.87  3.337053E-16
3979.94  3.312235E-16
3981.01  3.269818E-16
3982.08  3.333809E-16
3983.15  3.339733E-16
3984.22  3.579029E-16
3985.29  3.271036E-16
3986.36  3.551809E-16
3987.43  3.975512E-16
3988.5  3.723902E-16
3989.57  4.015782E-16
3990.64  4.172597E-16
3991.71  4.328592E-16
3992.78  4.141171E-16
3993.85  4.192553E-16
3994.92  4.101354E-16
3995.99  3.960151E-16
3997.06  4.035538E-16
3998.13  4.088008E-16
3999.2  4.192393E-16
4000.27  4.258955E-16
4001.34  4.147289E-16
4002.41  4.048821E-16
4003.48  3.978920E-16
4004.55  4.657422E-16
4005.62  4.900222E-16
4006.69  4.337976E-16
4007.76  4.237059E-16
4008.83  4.467571E-16
4009.9  4.710488E-16
4010.97  4.511802E-16
4012.04  4.229203E-16
4013.11  4.440434E-16
4014.18  4.734192E-16
4015.25  4.528528E-16
4016.32  4.626123E-16
4017.39  4.210696E-16
4018.46  4.211256E-16
4019.53  4.012571E-16
4020.6  4.610135E-16
4021.67  4.488265E-16
4022.74  4.239465E-16
4023.81  4.545204E-16
4024.88  4.425087E-16
4025.95  4.427196E-16
4027.02  4.498070E-16
4028.09  4.260695E-16
4029.16  4.486355E-16
4030.23  4.254764E-16
4031.3  4.491980E-16
4032.37  4.142800E-16
4033.44  4.141393E-16
4034.51  4.502696E-16
4035.58  4.636420E-16
4036.65  4.693692E-16
4037.72  4.213417E-16
4038.79  4.110695E-16
4039.86  4.217944E-16
4040.93  4.155081E-16
4042.  4.445255E-16
4043.07  4.163123E-16
4044.14  4.163362E-16
4045.21  4.541757E-16
4046.28  4.472626E-16
4047.35  4.359214E-16
4048.42  4.227373E-16
4049.49  4.062793E-16
4050.56  4.156737E-16
4051.63  3.989442E-16
4052.7  3.891692E-16
4053.77  4.399647E-16
4054.84  4.383133E-16
4055.91  4.084348E-16
4056.98  4.418268E-16
4058.05  4.212815E-16
4059.12  3.906201E-16
4060.19  4.085889E-16
4061.26  4.267413E-16
4062.33  4.452196E-16
4063.4  4.153781E-16
4064.47  4.338321E-16
4065.54  4.250199E-16
4066.61  3.749352E-16
4067.68  4.162539E-16
4068.75  4.329662E-16
4069.82  4.069398E-16
4070.89  3.989204E-16
4071.96  4.098535E-16
4073.03  4.155756E-16
4074.1  3.901270E-16
4075.17  3.578800E-16
4076.24  3.791905E-16
4077.31  4.078188E-16
4078.38  3.884366E-16
4079.45  3.568770E-16
4080.52  3.466889E-16
4081.59  3.466930E-16
4082.66  3.506775E-16
4083.73  3.338320E-16
4084.8  3.371447E-16
4085.87  3.209779E-16
4086.94  3.065032E-16
4088.01  3.252869E-16
4089.08  3.421788E-16
4090.15  2.971945E-16
4091.22  2.613267E-16
4092.29  2.486192E-16
4093.36  2.531697E-16
4094.43  2.378351E-16
4095.5  2.205895E-16
4096.57  2.517948E-16
4097.64  2.527321E-16
4098.71  2.232390E-16
4099.78  2.384804E-16
4100.85  2.123898E-16
4101.92  2.096072E-16
4102.99  2.339433E-16
4104.06  2.447014E-16
4105.13  2.284680E-16
4106.2  2.378566E-16
4107.27  2.613632E-16
4108.34  2.766827E-16
4109.41  2.860806E-16
4110.48  3.005423E-16
4111.55  2.883259E-16
4112.62  2.923513E-16
4113.69  3.115176E-16
4114.76  3.390618E-16
4115.83  3.254318E-16
4116.9  2.963521E-16
4117.97  3.162198E-16
4119.04  3.217162E-16
4120.11  3.012967E-16
4121.18  3.091025E-16
4122.25  3.212425E-16
4123.32  3.318015E-16
4124.39  3.596580E-16
4125.46  3.290539E-16
4126.53  3.318170E-16
4127.6  3.737594E-16
4128.67  3.809675E-16
4129.74  3.585644E-16
4130.81  3.762615E-16
4131.88  3.935192E-16
4132.95  3.829944E-16
4134.02  3.690873E-16
4135.09  3.864814E-16
4136.16  3.819738E-16
4137.23  3.571065E-16
4138.3  3.674208E-16
4139.37  3.878050E-16
4140.44  3.936143E-16
4141.51  4.047865E-16
4142.58  3.905586E-16
4143.65  3.737056E-16
4144.72  4.109401E-16
4145.79  4.114109E-16
4146.86  4.064022E-16
4147.93  4.220504E-16
4149.  4.021964E-16
4150.07  4.004141E-16
4151.14  4.081433E-16
4152.21  4.219851E-16
4153.28  4.189421E-16
4154.35  3.855255E-16
4155.42  3.914129E-16
4156.49  3.924189E-16
4157.56  4.124429E-16
4158.63  4.028911E-16
4159.7  3.873373E-16
4160.77  3.829335E-16
4161.84  3.824775E-16
4162.91  3.745739E-16
4163.98  4.021801E-16
4165.05  4.239229E-16
4166.12  4.036052E-16
4167.19  4.020827E-16
4168.26  4.186470E-16
4169.33  4.056955E-16
4170.4  4.135710E-16
4171.47  4.218122E-16
4172.54  4.021908E-16
4173.61  4.126128E-16
4174.68  4.341941E-16
4175.75  4.395812E-16
4176.82  4.088210E-16
4177.89  3.964616E-16
4178.96  3.991731E-16
4180.03  4.217352E-16
4181.1  4.358373E-16
4182.17  4.157867E-16
4183.24  4.112612E-16
4184.31  4.125144E-16
4185.38  4.346375E-16
4186.45  4.359877E-16
4187.52  4.350762E-16
4188.59  4.245307E-16
4189.66  4.324820E-16
4190.73  4.610159E-16
4191.8  4.405580E-16
4192.87  4.128179E-16
4193.94  4.420651E-16
4195.01  4.472083E-16
4196.08  4.297163E-16
4197.15  4.425682E-16
4198.22  4.377279E-16
4199.29  4.292734E-16
4200.36  4.606265E-16
4201.43  4.460509E-16
4202.5  4.004182E-16
4203.57  3.954898E-16
4204.64  4.055471E-16
4205.71  4.136168E-16
4206.78  3.985162E-16
4207.85  4.154091E-16
4208.92  4.420736E-16
4209.99  4.095499E-16
4211.06  3.945426E-16
4212.13  3.954666E-16
4213.2  4.164676E-16
4214.27  4.502087E-16
4215.34  4.322183E-16
4216.41  3.971971E-16
4217.48  3.973180E-16
4218.55  4.167578E-16
4219.62  4.178590E-16
4220.69  4.202144E-16
4221.76  4.130891E-16
4222.83  4.002791E-16
4223.9  4.106146E-16
4224.97  4.236232E-16
4226.04  4.373122E-16
4227.11  4.308110E-16
4228.18  4.099294E-16
4229.25  4.150748E-16
4230.32  4.004844E-16
4231.39  3.679584E-16
4232.46  4.222620E-16
4233.53  4.502240E-16
4234.6  3.992411E-16
4235.67  3.688903E-16
4236.74  4.097154E-16
4237.81  4.168598E-16
4238.88  4.315110E-16
4239.95  4.056074E-16
4241.02  4.085314E-16
4242.09  3.797853E-16
4243.16  3.752120E-16
4244.23  4.347881E-16
4245.3  4.123945E-16
4246.37  3.989988E-16
4247.44  3.808973E-16
4248.51  3.588632E-16
4249.58  3.964981E-16
4250.65  3.864383E-16
4251.72  3.344460E-16
4252.79  3.781799E-16
4253.86  3.564620E-16
4254.93  3.534548E-16
4256.  3.909158E-16
4257.07  4.193698E-16
4258.14  3.756908E-16
4259.21  3.611716E-16
4260.28  3.964785E-16
4261.35  4.186384E-16
4262.42  4.088844E-16
4263.49  3.866768E-16
4264.56  3.736490E-16
4265.63  3.345457E-16
4266.7  3.370852E-16
4267.77  3.481151E-16
4268.84  3.728056E-16
4269.91  3.793695E-16
4270.98  3.441149E-16
4272.05  3.432608E-16
4273.12  3.518470E-16
4274.19  3.292828E-16
4275.26  3.559863E-16
4276.33  3.677072E-16
4277.4  3.634220E-16
4278.47  3.712695E-16
4279.54  3.552856E-16
4280.61  3.521901E-16
4281.68  3.590361E-16
4282.75  3.725979E-16
4283.82  3.703085E-16
4284.89  3.513730E-16
4285.96  3.663185E-16
4287.03  3.662220E-16
4288.1  3.425227E-16
4289.17  3.351373E-16
4290.24  3.351047E-16
4291.31  3.321923E-16
4292.38  3.200196E-16
4293.45  3.313659E-16
4294.52  3.470500E-16
4295.59  3.302300E-16
4296.66  3.166948E-16
4297.73  3.475864E-16
4298.8  3.635490E-16
4299.87  3.209408E-16
4300.94  3.315386E-16
4302.01  3.438774E-16
4303.08  3.397295E-16
4304.15  3.144741E-16
4305.22  3.081933E-16
4306.29  3.547397E-16
4307.36  3.720677E-16
4308.43  3.215310E-16
4309.5  3.199461E-16
4310.57  3.080236E-16
4311.64  3.172844E-16
4312.71  3.155747E-16
4313.78  2.964291E-16
4314.85  3.098519E-16
4315.92  3.261696E-16
4316.99  2.994812E-16
4318.06  2.956977E-16
4319.13  2.946727E-16
4320.2  3.082099E-16
4321.27  2.948701E-16
4322.34  2.759090E-16
4323.41  2.662352E-16
4324.48  2.640772E-16
4325.55  2.468010E-16
4326.62  2.363454E-16
4327.69  2.342055E-16
4328.76  2.343364E-16
4329.83  2.414828E-16
4330.9  2.502066E-16
4331.97  2.267325E-16
4333.04  2.283063E-16
4334.11  2.199493E-16
4335.18  2.071908E-16
4336.25  2.040021E-16
4337.32  2.018953E-16
4338.39  1.947263E-16
4339.46  2.007022E-16
4340.53  2.057175E-16
4341.6  2.076257E-16
4342.67  2.018799E-16
4343.74  1.984507E-16
4344.81  2.028519E-16
4345.88  2.227860E-16
4346.95  2.385220E-16
4348.02  2.385207E-16
4349.09  2.339924E-16
4350.16  2.226519E-16
4351.23  2.414718E-16
4352.3  2.558856E-16
4353.37  2.552442E-16
4354.44  2.569150E-16
4355.51  2.443236E-16
4356.58  2.579810E-16
4357.65  2.825299E-16
4358.72  3.128329E-16
4359.79  3.376504E-16
4360.86  3.251316E-16
4361.93  2.845763E-16
4363.  3.013182E-16
4364.07  3.014834E-16
4365.14  2.900959E-16
4366.21  2.896511E-16
4367.28  3.204705E-16
4368.35  3.120614E-16
4369.42  2.901258E-16
4370.49  2.891450E-16
4371.56  3.024727E-16
4372.63  3.411750E-16
4373.7  3.452439E-16
4374.77  3.129033E-16
4375.84  3.117508E-16
4376.91  3.074092E-16
4377.98  3.208464E-16
4379.05  3.010778E-16
4380.12  2.812001E-16
4381.19  3.128538E-16
4382.26  3.308369E-16
4383.33  3.274638E-16
4384.4  3.248312E-16
4385.47  3.228884E-16
4386.54  3.044641E-16
4387.61  3.062248E-16
4388.68  3.172074E-16
4389.75  3.495804E-16
4390.82  3.636538E-16
4391.89  3.446867E-16
4392.96  3.258761E-16
4394.03  3.416321E-16
4395.1  3.470110E-16
4396.17  3.462751E-16
4397.24  3.509993E-16
4398.31  3.529271E-16
4399.38  3.580530E-16
4400.45  3.433058E-16
4401.52  3.324125E-16
4402.59  3.570391E-16
4403.66  3.533160E-16
4404.73  3.389023E-16
4405.8  3.285351E-16
4406.87  3.281190E-16
4407.94  3.476554E-16
4409.01  3.590731E-16
4410.08  3.634964E-16
4411.15  3.444627E-16
4412.22  3.169750E-16
4413.29  3.171455E-16
4414.36  3.204530E-16
4415.43  3.438661E-16
4416.5  3.760383E-16
4417.57  3.840714E-16
4418.64  3.809116E-16
4419.71  3.743831E-16
4420.78  3.458846E-16
4421.85  3.247423E-16
4422.92  3.409284E-16
4423.99  3.257724E-16
4425.06  3.534599E-16
4426.13  3.463853E-16
4427.2  3.405462E-16
4428.27  3.380611E-16
4429.34  3.458379E-16
4430.41  3.401950E-16
4431.48  3.478585E-16
4432.55  3.499529E-16
4433.62  3.556468E-16
4434.69  3.185288E-16
4435.76  3.176743E-16
4436.83  3.412138E-16
4437.9  3.506276E-16
4438.97  3.422432E-16
4440.04  3.378995E-16
4441.11  3.356301E-16
4442.18  3.447344E-16
4443.25  3.403861E-16
4444.32  3.297485E-16
4445.39  3.568116E-16
4446.46  3.829915E-16
4447.53  3.370169E-16
4448.6  3.175193E-16
4449.67  3.607772E-16
4450.74  3.744452E-16
4451.81  3.616065E-16
4452.88  3.571238E-16
4453.95  3.633560E-16
4455.02  3.457387E-16
4456.09  3.497880E-16
4457.16  3.516378E-16
4458.23  3.168781E-16
4459.3  2.952197E-16
4460.37  3.315975E-16
4461.44  3.539956E-16
4462.51  3.283051E-16
4463.58  3.442298E-16
4464.65  3.425402E-16
4465.72  3.236660E-16
4466.79  3.168298E-16
4467.86  3.446746E-16
4468.93  3.651106E-16
4470.  3.301448E-16
4471.07  3.341117E-16
4472.14  3.449475E-16
4473.21  3.272791E-16
4474.28  3.691583E-16
4475.35  3.706552E-16
4476.42  3.265768E-16
4477.49  3.284454E-16
4478.56  3.456057E-16
4479.63  3.434726E-16
4480.7  3.366440E-16
4481.77  3.433810E-16
4482.84  3.237414E-16
4483.91  3.363363E-16
4484.98  3.426596E-16
4486.05  3.426430E-16
4487.12  3.380764E-16
4488.19  3.199488E-16
4489.26  2.983832E-16
4490.33  3.229637E-16
4491.4  3.286679E-16
4492.47  3.573786E-16
4493.54  3.402964E-16
4494.61  3.472772E-16
4495.68  3.108127E-16
4496.75  2.946574E-16
4497.82  3.285452E-16
4498.89  3.310032E-16
4499.96  3.527386E-16
4501.03  3.328205E-16
4502.1  3.897334E-16
4503.17  3.611330E-16
4504.24  2.987914E-16
4505.31  3.038731E-16
4506.38  3.575315E-16
4507.45  3.226985E-16
4508.52  3.464113E-16
4509.59  3.154912E-16
4510.66  3.277979E-16
4511.73  3.686004E-16
4512.8  3.211905E-16
4513.87  3.245344E-16
4514.94  3.115667E-16
4516.01  3.101630E-16
4517.08  3.008968E-16
4518.15  2.779896E-16
4519.22  3.117725E-16
4520.29  3.356183E-16
4521.36  3.441002E-16
4522.43  3.021393E-16
4523.5  3.286206E-16
4524.57  3.409734E-16
4525.64  3.171359E-16
4526.71  2.956548E-16
4527.78  2.845078E-16
4528.85  2.765240E-16
4529.92  2.896982E-16
4530.99  3.295179E-16
4532.06  3.374931E-16
4533.13  3.312975E-16
4534.2  3.399582E-16
4535.27  3.079412E-16
4536.34  3.107377E-16
4537.41  3.309008E-16
4538.48  3.151927E-16
4539.55  3.163278E-16
4540.62  3.050663E-16
4541.69  2.851669E-16
4542.76  2.882673E-16
4543.83  3.370575E-16
4544.9  3.319262E-16
4545.97  3.293143E-16
4547.04  3.345420E-16
4548.11  2.798951E-16
4549.18  2.545123E-16
4550.25  3.047644E-16
4551.32  2.782389E-16
4552.39  2.711217E-16
4553.46  3.032146E-16
4554.53  3.093481E-16
4555.6  2.874581E-16
4556.67  2.906945E-16
4557.74  2.984042E-16
4558.81  2.999846E-16
4559.88  3.085332E-16
4560.95  2.789552E-16
4562.02  2.607920E-16
4563.09  3.222311E-16
4564.16  3.262897E-16
4565.23  3.311790E-16
4566.3  3.110403E-16
4567.37  3.025215E-16
4568.44  2.911971E-16
4569.51  3.072311E-16
4570.58  3.184938E-16
4571.65  3.320505E-16
4572.72  3.100155E-16
4573.79  2.921233E-16
4574.86  2.791623E-16
4575.93  2.901244E-16
4577.  3.392819E-16
4578.07  3.184347E-16
4579.14  3.416910E-16
4580.21  3.278147E-16
4581.28  3.151139E-16
4582.35  3.243300E-16
4583.42  3.076185E-16
4584.49  3.072036E-16
4585.56  3.248456E-16
4586.63  3.099420E-16
4587.7  2.733185E-16
4588.77  2.984317E-16
4589.84  3.162522E-16
4590.91  2.774112E-16
4591.98  2.541600E-16
4593.05  2.746136E-16
4594.12  2.771998E-16
4595.19  3.106200E-16
4596.26  3.285986E-16
4597.33  3.010900E-16
4598.4  3.009826E-16
4599.47  2.929461E-16
4600.54  3.041335E-16
4601.61  2.968834E-16
4602.68  2.868342E-16
4603.75  2.947812E-16
4604.82  2.804486E-16
4605.89  2.759785E-16
4606.96  3.004685E-16
4608.03  3.116269E-16
4609.1  3.113203E-16
4610.17  3.277045E-16
4611.24  3.060419E-16
4612.31  2.954364E-16
4613.38  3.127073E-16
4614.45  3.077711E-16
4615.52  3.061108E-16
4616.59  3.204313E-16
4617.66  3.133998E-16
4618.73  3.076728E-16
4619.8  3.087655E-16
4620.87  3.150760E-16
4621.94  3.249411E-16
4623.01  3.002648E-16
4624.08  2.879850E-16
4625.15  2.948518E-16
4626.22  2.994863E-16
4627.29  3.093014E-16
4628.36  3.194446E-16
4629.43  3.517696E-16
4630.5  3.199293E-16
4631.57  2.900914E-16
4632.64  2.710255E-16
4633.71  2.819798E-16
4634.78  2.932792E-16
4635.85  3.102816E-16
4636.92  2.777733E-16
4637.99  3.099693E-16
4639.06  3.115815E-16
4640.13  3.198719E-16
4641.2  3.085506E-16
4642.27  3.039519E-16
4643.34  3.095017E-16
4644.41  3.211691E-16
4645.48  2.890071E-16
4646.55  3.122422E-16
4647.62  3.350717E-16
4648.69  3.344473E-16
4649.76  2.946979E-16
4650.83  2.679054E-16
4651.9  2.951100E-16
4652.97  2.904143E-16
4654.04  2.842758E-16
4655.11  3.086290E-16
4656.18  3.286140E-16
4657.25  2.899274E-16
4658.32  2.718908E-16
4659.39  2.953756E-16
4660.46  2.699430E-16
4661.53  2.648327E-16
4662.6  2.938417E-16
4663.67  2.876187E-16
4664.74  2.650003E-16
4665.81  3.327403E-16
4666.88  3.008304E-16
4667.95  2.615497E-16
4669.02  2.968146E-16
4670.09  2.852460E-16
4671.16  2.689228E-16
4672.23  2.723185E-16
4673.3  2.653859E-16
4674.37  2.797782E-16
4675.44  2.815775E-16
4676.51  2.715712E-16
4677.58  2.725278E-16
4678.65  2.803578E-16
4679.72  2.724565E-16
4680.79  2.862519E-16
4681.86  2.808732E-16
4682.93  2.721971E-16
4684.  2.641859E-16
4685.07  2.573398E-16
4686.14  2.846919E-16
4687.21  2.906725E-16
4688.28  2.859143E-16
4689.35  2.800177E-16
4690.42  2.922885E-16
4691.49  2.678354E-16
4692.56  2.630021E-16
4693.63  2.567997E-16
4694.7  2.727945E-16
4695.77  2.785831E-16
4696.84  2.434816E-16
4697.91  2.582572E-16
4698.98  2.502326E-16
4700.05  2.546691E-16
4701.12  2.792992E-16
4702.19  2.849106E-16
4703.26  2.767993E-16
4704.33  2.630382E-16
4705.4  2.745712E-16
4706.47  2.809215E-16
4707.54  2.801276E-16
4708.61  3.008690E-16
4709.68  2.909979E-16
4710.75  2.905096E-16
4711.82  2.866555E-16
4712.89  2.554006E-16
4713.96  2.370530E-16
4715.03  2.801148E-16
4716.1  3.247099E-16
4717.17  2.841497E-16
4718.24  2.610320E-16
4719.31  2.956581E-16
4720.38  2.995911E-16
4721.45  2.936135E-16
4722.52  3.143378E-16
4723.59  2.785656E-16
4724.66  2.507859E-16
4725.73  2.697379E-16
4726.8  2.949809E-16
4727.87  2.958313E-16
4728.94  2.652924E-16
4730.01  2.758669E-16
4731.08  2.968501E-16
4732.15  2.954996E-16
4733.22  2.749786E-16
4734.29  3.092426E-16
4735.36  3.102714E-16
4736.43  3.154127E-16
4737.5  3.134827E-16
4738.57  2.775076E-16
4739.64  2.931605E-16
4740.71  3.162156E-16
4741.78  2.917175E-16
4742.85  2.713388E-16
4743.92  2.782687E-16
4744.99  3.093301E-16
4746.06  2.960932E-16
4747.13  2.799349E-16
4748.2  2.790520E-16
4749.27  2.773936E-16
4750.34  2.989831E-16
4751.41  3.216043E-16
4752.48  2.661430E-16
4753.55  2.572573E-16
4754.62  2.896577E-16
4755.69  2.685234E-16
4756.76  3.027076E-16
4757.83  2.973391E-16
4758.9  2.763726E-16
4759.97  2.790630E-16
4761.04  2.668328E-16
4762.11  2.725800E-16
4763.18  2.908883E-16
4764.25  2.729436E-16
4765.32  2.518410E-16
4766.39  2.598418E-16
4767.46  2.815021E-16
4768.53  2.899622E-16
4769.6  2.749256E-16
4770.67  2.639572E-16
4771.74  2.657639E-16
4772.81  2.646599E-16
4773.88  2.685139E-16
4774.95  2.513792E-16
4776.02  2.554991E-16
4777.09  2.800887E-16
4778.16  2.819603E-16
4779.23  2.670277E-16
4780.3  2.590944E-16
4781.37  2.758075E-16
4782.44  2.439823E-16
4783.51  2.429314E-16
4784.58  2.704791E-16
4785.65  2.677326E-16
4786.72  2.710383E-16
4787.79  2.675332E-16
4788.86  2.483001E-16
4789.93  2.476341E-16
4791.  2.559168E-16
4792.07  2.550241E-16
4793.14  2.726212E-16
4794.21  2.705508E-16
4795.28  2.550894E-16
4796.35  2.586452E-16
4797.42  2.691802E-16
4798.49  2.646465E-16
4799.56  2.790442E-16
4800.63  2.676130E-16
4801.7  2.745534E-16
4802.77  2.850672E-16
4803.84  2.840447E-16
4804.91  2.925944E-16
4805.98  2.785643E-16
4807.05  2.604807E-16
4808.12  2.564781E-16
4809.19  2.602004E-16
4810.26  2.614937E-16
4811.33  2.527324E-16
4812.4  2.501966E-16
4813.47  2.760471E-16
4814.54  2.590506E-16
4815.61  2.646730E-16
4816.68  2.577333E-16
4817.75  2.417674E-16
4818.82  2.489373E-16
4819.89  2.847292E-16
4820.96  2.631602E-16
4822.03  2.171381E-16
4823.1  2.361018E-16
4824.17  2.673402E-16
4825.24  2.756126E-16
4826.31  2.501068E-16
4827.38  2.284929E-16
4828.45  2.336936E-16
4829.52  2.094696E-16
4830.59  2.201846E-16
4831.66  2.376708E-16
4832.73  2.365050E-16
4833.8  2.512578E-16
4834.87  2.459513E-16
4835.94  2.366367E-16
4837.01  2.324363E-16
4838.08  2.267259E-16
4839.15  2.201689E-16
4840.22  2.147543E-16
4841.29  2.151342E-16
4842.36  2.117549E-16
4843.43  2.164991E-16
4844.5  2.085176E-16
4845.57  1.967886E-16
4846.64  2.106597E-16
4847.71  2.013611E-16
4848.78  1.817828E-16
4849.85  2.006386E-16
4850.92  1.940078E-16
4851.99  1.761417E-16
4853.06  1.725546E-16
4854.13  1.880681E-16
4855.2  1.773170E-16
4856.27  1.501938E-16
4857.34  1.537568E-16
4858.41  1.466022E-16
4859.48  1.222442E-16
4860.55  1.368825E-16
4861.62  1.584128E-16
4862.69  1.897839E-16
4863.76  1.786033E-16
4864.83  1.602794E-16
4865.9  1.534429E-16
4866.97  1.713270E-16
4868.04  1.719187E-16
4869.11  1.612602E-16
4870.18  1.815390E-16
4871.25  2.032992E-16
4872.32  1.916821E-16
4873.39  1.637502E-16
4874.46  1.610703E-16
4875.53  1.694745E-16
4876.6  1.884835E-16
4877.67  1.922862E-16
4878.74  1.860178E-16
4879.81  2.153639E-16
4880.88  2.141067E-16
4881.95  2.052423E-16
4883.02  1.928264E-16
4884.09  1.951259E-16
4885.16  1.962036E-16
4886.23  2.218614E-16
4887.3  2.325924E-16
4888.37  2.273681E-16
4889.44  2.150377E-16
4890.51  2.287494E-16
4891.58  2.277735E-16
4892.65  1.986859E-16
4893.72  2.025091E-16
4894.79  2.276873E-16
4895.86  2.333210E-16
4896.93  2.268120E-16
4898.  2.219829E-16
4899.07  2.186313E-16
4900.14  2.204580E-16
4901.21  2.291550E-16
4902.28  2.197755E-16
4903.35  2.106716E-16
4904.42  2.284490E-16
4905.49  2.312537E-16
4906.56  2.364491E-16
4907.63  2.472808E-16
4908.7  2.500924E-16
4909.77  2.534725E-16
4910.84  2.381360E-16
4911.91  2.461465E-16
4912.98  2.508649E-16
4914.05  2.389933E-16
4915.12  2.507671E-16
4916.19  2.451288E-16
4917.26  2.366800E-16
4918.33  2.270123E-16
4919.4  2.204573E-16
4920.47  2.207018E-16
4921.54  2.272396E-16
4922.61  2.442270E-16
4923.68  2.410826E-16
4924.75  2.298427E-16
4925.82  2.215166E-16
4926.89  2.386733E-16
4927.96  2.460331E-16
4929.03  2.379671E-16
4930.1  2.149661E-16
4931.17  2.048117E-16
4932.24  2.522199E-16
4933.31  2.475274E-16
4934.38  2.411696E-16
4935.45  2.112556E-16
4936.52  2.373883E-16
4937.59  2.368990E-16
4938.66  2.371104E-16
4939.73  2.398656E-16
4940.8  2.244459E-16
4941.87  2.362284E-16
4942.94  2.510947E-16
4944.01  2.474119E-16
4945.08  2.349803E-16
4946.15  2.270927E-16
4947.22  2.340759E-16
4948.29  2.568230E-16
4949.36  2.482832E-16
4950.43  2.487178E-16
4951.5  2.401978E-16
4952.57  2.362382E-16
4953.64  2.443503E-16
4954.71  2.395515E-16
4955.78  2.560429E-16
4956.85  2.311390E-16
4957.92  2.034153E-16
4958.99  2.303748E-16
4960.06  2.485240E-16
4961.13  2.347453E-16
4962.2  2.131952E-16
4963.27  2.167173E-16
4964.34  2.388656E-16
4965.41  2.523700E-16
4966.48  2.492110E-16
4967.55  2.532820E-16
4968.62  2.529468E-16
4969.69  2.333129E-16
4970.76  2.360341E-16
4971.83  2.306385E-16
4972.9  2.096848E-16
4973.97  2.153607E-16
4975.04  2.317536E-16
4976.11  2.266197E-16
4977.18  2.294082E-16
4978.25  2.355309E-16
4979.32  2.400943E-16
4980.39  2.372446E-16
4981.46  2.367344E-16
4982.53  2.639830E-16
4983.6  2.423350E-16
4984.67  2.201959E-16
4985.74  2.152044E-16
4986.81  2.349873E-16
4987.88  2.414282E-16
4988.95  2.345960E-16
4990.02  2.528979E-16
4991.09  2.333075E-16
4992.16  2.194019E-16
4993.23  2.567567E-16
4994.3  2.261854E-16
4995.37  2.289521E-16
4996.44  2.417023E-16
4997.51  2.150022E-16
4998.58  2.227886E-16
4999.65  2.577011E-16
5000.72  2.493074E-16
5001.79  2.448718E-16
5002.86  2.465171E-16
5003.93  2.527091E-16
5005.  2.345636E-16
5006.07  2.354440E-16
5007.14  2.375756E-16
5008.21  2.254104E-16
5009.28  2.043621E-16
5010.35  2.465081E-16
5011.42  2.492940E-16
5012.49  2.456949E-16
5013.56  2.433506E-16
5014.63  2.361912E-16
5015.7  2.275447E-16
5016.77  2.387132E-16
5017.84  2.458613E-16
5018.91  2.195819E-16
5019.98  2.174398E-16
5021.05  2.192519E-16
5022.12  1.914691E-16
5023.19  2.197223E-16
5024.26  2.480952E-16
5025.33  2.124749E-16
5026.4  2.232026E-16
5027.47  2.348770E-16
5028.54  2.143029E-16
5029.61  2.253591E-16
5030.68  2.281945E-16
5031.75  2.154906E-16
5032.82  2.260657E-16
5033.89  2.244253E-16
5034.96  2.291805E-16
5036.03  2.570024E-16
5037.1  2.497947E-16
5038.17  2.396462E-16
5039.24  2.402241E-16
5040.31  2.312298E-16
5041.38  2.097114E-16
5042.45  2.125297E-16
5043.52  2.297014E-16
5044.59  2.027003E-16
5045.66  2.175424E-16
5046.73  2.297665E-16
5047.8  2.048712E-16
5048.87  2.007428E-16
5049.94  2.207027E-16
5051.01  2.384906E-16
5052.08  2.247852E-16
5053.15  2.325278E-16
5054.22  2.364733E-16
5055.29  2.163488E-16
5056.36  2.079854E-16
5057.43  2.287143E-16
5058.5  2.165046E-16
5059.57  2.241618E-16
5060.64  2.017358E-16
5061.71  2.153258E-16
5062.78  2.305127E-16
5063.85  2.080425E-16
5064.92  2.165767E-16
5065.99  2.363605E-16
5067.06  2.405613E-16
5068.13  2.392508E-16
5069.2  2.411392E-16
5070.27  2.345905E-16
5071.34  2.147862E-16
5072.41  2.186056E-16
5073.48  2.120739E-16
5074.55  2.219531E-16
5075.62  2.258025E-16
5076.69  2.139925E-16
5077.76  2.408662E-16
5078.83  2.280159E-16
5079.9  2.253487E-16
5080.97  2.360482E-16
5082.04  2.157246E-16
5083.11  2.049360E-16
5084.18  1.945358E-16
5085.25  1.971043E-16
5086.32  2.099762E-16
5087.39  2.221883E-16
5088.46  2.084200E-16
5089.53  2.244413E-16
5090.6  2.310783E-16
5091.67  2.086389E-16
5092.74  2.211261E-16
5093.81  2.347947E-16
5094.88  2.168980E-16
5095.95  2.280586E-16
5097.02  2.312985E-16
5098.09  2.217327E-16
5099.16  2.136426E-16
5100.23  2.191639E-16
5101.3  2.419648E-16
5102.37  2.226561E-16
5103.44  2.104692E-16
5104.51  2.416590E-16
5105.58  2.400548E-16
5106.65  2.159348E-16
5107.72  2.160297E-16
5108.79  2.393298E-16
5109.86  2.423049E-16
5110.93  2.132059E-16
5112.  2.003849E-16
5113.07  2.061981E-16
5114.14  2.203710E-16
5115.21  2.157358E-16
5116.28  2.200585E-16
5117.35  2.256026E-16
5118.42  2.152492E-16
5119.49  2.252458E-16
5120.56  2.169875E-16
5121.63  1.930857E-16
5122.7  2.154007E-16
5123.77  2.209684E-16
5124.84  2.068759E-16
5125.91  2.108901E-16
5126.98  2.174012E-16
5128.05  2.145116E-16
5129.12  1.979178E-16
5130.19  2.102035E-16
5131.26  2.229900E-16
5132.33  2.159090E-16
5133.4  2.191472E-16
5134.47  1.996721E-16
5135.54  2.276420E-16
5136.61  2.130355E-16
5137.68  2.064261E-16
5138.75  2.141097E-16
5139.82  2.134716E-16
5140.89  2.372256E-16
5141.96  2.279586E-16
5143.03  2.060399E-16
5144.1  2.127116E-16
5145.17  1.938294E-16
5146.24  2.007799E-16
5147.31  2.289176E-16
5148.38  2.282181E-16
5149.45  2.179792E-16
5150.52  1.922664E-16
5151.59  2.277930E-16
5152.66  2.180323E-16
5153.73  1.970667E-16
5154.8  1.957226E-16
5155.87  2.195231E-16
5156.94  2.132823E-16
5158.01  2.057662E-16
5159.08  2.112107E-16
5160.15  2.042401E-16
5161.22  2.161214E-16
5162.29  2.038841E-16
5163.36  1.924550E-16
5164.43  2.038688E-16
5165.5  2.029715E-16
5166.57  2.033342E-16
5167.64  2.034492E-16
5168.71  2.145008E-16
5169.78  2.165445E-16
5170.85  2.130446E-16
5171.92  2.226356E-16
5172.99  2.113835E-16
5174.06  1.964831E-16
5175.13  1.962787E-16
5176.2  1.952191E-16
5177.27  2.066180E-16
5178.34  2.158477E-16
5179.41  2.200623E-16
5180.48  2.193549E-16
5181.55  2.156469E-16
5182.62  2.231268E-16
5183.69  2.306863E-16
5184.76  2.231657E-16
5185.83  1.961326E-16
5186.9  1.937339E-16
5187.97  2.155506E-16
5189.04  2.081510E-16
5190.11  1.961509E-16
5191.18  2.082965E-16
5192.25  2.200700E-16
5193.32  2.181709E-16
5194.39  2.183549E-16
5195.46  2.219190E-16
5196.53  2.228226E-16
5197.6  2.264855E-16
5198.67  2.198272E-16
5199.74  2.135431E-16
5200.81  2.177788E-16
5201.88  2.086711E-16
5202.95  2.107863E-16
5204.02  2.110673E-16
5205.09  2.396919E-16
5206.16  2.084465E-16
5207.23  2.181039E-16
5208.3  2.173120E-16
5209.37  2.027704E-16
5210.44  1.990309E-16
5211.51  2.092769E-16
5212.58  2.245178E-16
5213.65  2.058904E-16
5214.72  2.017282E-16
5215.79  2.055093E-16
5216.86  1.725990E-16
5217.93  1.838926E-16
5219.  1.998675E-16
5220.07  1.785223E-16
5221.14  1.935806E-16
5222.21  2.252297E-16
5223.28  2.301119E-16
5224.35  1.745339E-16
5225.42  1.754715E-16
5226.49  2.165160E-16
5227.56  1.978779E-16
5228.63  1.829175E-16
5229.7  1.776003E-16
5230.77  1.922583E-16
5231.84  1.840922E-16
5232.91  1.659318E-16
5233.98  1.706383E-16
5235.05  1.849237E-16
5236.12  1.905960E-16
5237.19  1.897551E-16
5238.26  1.989828E-16
5239.33  1.922101E-16
5240.4  1.928905E-16
5241.47  1.992327E-16
5242.54  2.055861E-16
5243.61  2.062130E-16
5244.68  2.012855E-16
5245.75  2.042294E-16
5246.82  2.307305E-16
5247.89  2.217453E-16
5248.96  2.096285E-16
5250.03  1.938278E-16
5251.1  1.760737E-16
5252.17  1.746050E-16
5253.24  1.851345E-16
5254.31  1.861885E-16
5255.38  1.651202E-16
5256.45  1.912781E-16
5257.52  2.228886E-16
5258.59  2.150797E-16
5259.66  1.951637E-16
5260.73  1.997170E-16
5261.8  1.872946E-16
5262.87  1.625222E-16
5263.94  1.772532E-16
5265.01  2.006619E-16
5266.08  1.851925E-16
5267.15  2.070579E-16
5268.22  2.449249E-16
5269.29  2.064956E-16
5270.36  1.884939E-16
5271.43  2.176499E-16
5272.5  2.010381E-16
5273.57  1.869309E-16
5274.64  1.935301E-16
5275.71  1.894652E-16
5276.78  1.837485E-16
5277.85  1.768813E-16
5278.92  1.822772E-16
5279.99  1.865649E-16
5281.06  1.960481E-16
5282.13  1.955675E-16
5283.2  2.018167E-16
5284.27  2.038786E-16
5285.34  1.713955E-16
5286.41  1.784308E-16
5287.48  2.093960E-16
5288.55  2.149268E-16
5289.62  2.334429E-16
5290.69  2.104882E-16
5291.76  2.012224E-16
5292.83  1.839069E-16
5293.9  1.805971E-16
5294.97  1.612056E-16
5296.04  1.698253E-16
5297.11  1.884841E-16
5298.18  1.903405E-16
5299.25  1.900673E-16
5300.32  1.978019E-16
5301.39  1.937458E-16
5302.46  2.073259E-16
5303.53  2.011140E-16
5304.6  1.890791E-16
5305.67  1.813740E-16
5306.74  1.639619E-16
5307.81  1.693619E-16
5308.88  1.700372E-16
5309.95  1.824152E-16
5311.02  1.820182E-16
5312.09  1.972222E-16
5313.16  2.283895E-16
5314.23  1.977295E-16
5315.3  2.065309E-16
5316.37  2.006877E-16
5317.44  2.055344E-16
5318.51  2.028447E-16
5319.58  2.159213E-16
5320.65  1.920031E-16
5321.72  1.698038E-16
5322.79  1.979783E-16
5323.86  2.104870E-16
5324.93  1.935574E-16
5326.  1.787451E-16
5327.07  1.841027E-16
5328.14  1.845310E-16
5329.21  1.864858E-16
5330.28  1.973098E-16
5331.35  2.012188E-16
5332.42  1.969721E-16
5333.49  1.764433E-16
5334.56  1.952296E-16
5335.63  2.166059E-16
5336.7  1.914526E-16
5337.77  1.964880E-16
5338.84  2.281298E-16
5339.91  2.002747E-16
5340.98  1.813663E-16
5342.05  1.862152E-16
5343.12  2.097387E-16
5344.19  2.200744E-16
5345.26  2.093201E-16
5346.33  2.267938E-16
5347.4  2.042982E-16
5348.47  2.098360E-16
5349.54  2.187189E-16
5350.61  2.272341E-16
5351.68  2.127083E-16
5352.75  2.207904E-16
5353.82  2.381775E-16
5354.89  2.090817E-16
5355.96  2.269054E-16
5357.03  2.366704E-16
5358.1  2.069637E-16
5359.17  2.254727E-16
5360.24  2.142628E-16
5361.31  1.938456E-16
5362.38  1.701130E-16
5363.45  1.837337E-16
5364.52  1.955166E-16
5365.59  1.742919E-16
5366.66  2.265625E-16
5367.73  2.313225E-16
5368.8  1.978516E-16
5369.87  1.794650E-16
5370.94  1.846863E-16
5372.01  1.995966E-16
5373.08  2.069349E-16
5374.15  2.032722E-16
5375.22  2.005577E-16
5376.29  1.831065E-16
5377.36  1.997418E-16
5378.43  2.123793E-16
5379.5  1.870400E-16
5380.57  1.842045E-16
5381.64  2.131305E-16
5382.71  2.241456E-16
5383.78  1.688714E-16
5384.85  1.877465E-16
5385.92  2.068997E-16
5386.99  1.737353E-16
5388.06  1.906631E-16
5389.13  2.046103E-16
5390.2  1.887863E-16
5391.27  1.745777E-16
5392.34  1.970776E-16
5393.41  2.021339E-16
5394.48  1.997070E-16
5395.55  1.636469E-16
5396.62  1.801250E-16
5397.69  2.152659E-16
5398.76  1.830643E-16
5399.83  1.942801E-16
5400.9  2.062734E-16
5401.97  1.930297E-16
5403.04  1.769299E-16
5404.11  2.069821E-16
5405.18  1.804100E-16
5406.25  1.606738E-16
5407.32  2.018869E-16
5408.39  2.137710E-16
5409.46  1.883990E-16
5410.53  1.693378E-16
5411.6  1.997919E-16
5412.67  2.043053E-16
5413.74  1.625734E-16
5414.81  1.757003E-16
5415.88  1.945125E-16
5416.95  1.972492E-16
5418.02  1.992021E-16
5419.09  1.711140E-16
5420.16  1.760935E-16
5421.23  1.814868E-16
5422.3  1.736642E-16
5423.37  1.849426E-16
5424.44  1.959946E-16
5425.51  1.583916E-16
5426.58  1.396348E-16
5427.65  1.766880E-16
5428.72  2.015557E-16
5429.79  2.067677E-16
5430.86  2.001120E-16
5431.93  1.606354E-16
5433.  1.484204E-16
5434.07  1.926838E-16
5435.14  1.984854E-16
5436.21  1.850505E-16
5437.28  1.609726E-16
5438.35  1.932187E-16
5439.42  1.550205E-16
5440.49  1.526863E-16
5441.56  2.094007E-16
5442.63  2.082657E-16
5443.7  1.661177E-16
5444.77  1.532715E-16
5445.84  1.958313E-16
5446.91  1.785829E-16
5447.98  1.422060E-16
5449.05  1.630738E-16
5450.12  2.195132E-16
5451.19  1.492704E-16
5452.26  1.308646E-16
5453.33  1.632385E-16
5454.4  2.002711E-16
5455.47  2.417133E-16
5456.54  2.544814E-16
5457.61  2.090308E-16
5458.68  1.857102E-16
5459.75  1.944056E-16
5460.82  2.320920E-16
5461.89  2.343845E-16
5462.96  2.121386E-16
5464.03  2.139856E-16
5465.1  2.120918E-16
5466.17  1.457859E-16
5467.24  1.485558E-16
5468.31  1.949504E-16
5469.38  1.794779E-16
5470.45  1.699654E-16
5471.52  1.670737E-16
5472.59  1.521112E-16
5473.66  2.119892E-16
5474.73  2.002511E-16
5475.8  1.968810E-16
5476.87  1.800263E-16
5477.94  1.996473E-16
5479.01  1.990644E-16
5480.08  1.893011E-16
5481.15  2.125761E-16
5482.22  1.789053E-16
5483.29  1.618749E-16
5484.36  1.619504E-16
5485.43  2.150986E-16
5486.5  1.852999E-16
5487.57  1.742446E-16
5488.64  1.522383E-16
5489.71  2.017154E-16
5490.78  1.927476E-16
5491.85  2.004596E-16
5492.92  2.372993E-16
5493.99  2.072675E-16
5495.06  1.914342E-16
5496.13  1.978696E-16
5497.2  2.107831E-16
5498.27  2.120463E-16
5499.34  1.855152E-16
5500.41  1.445823E-16
5501.48  1.421854E-16
5502.55  1.773012E-16
5503.62  2.264443E-16
5504.69  1.977803E-16
5505.76  2.162802E-16
5506.83  2.156097E-16
5507.9  1.944196E-16
5508.97  1.981893E-16
5510.04  1.601726E-16
5511.11  1.668918E-16
5512.18  1.671854E-16
5513.25  1.911307E-16
5514.32  2.334840E-16
5515.39  2.057904E-16
5516.46  1.670291E-16
5517.53  2.370258E-16
5518.6  2.586178E-16
5519.67  2.234855E-16
5520.74  2.186271E-16
5521.81  2.279690E-16
5522.88  2.258958E-16
5523.95  1.867130E-16
5525.02  1.857846E-16
5526.09  1.890366E-16
5527.16  2.674665E-16
5528.23  3.060179E-16
5529.3  1.770201E-16
5530.37  1.573207E-16
5531.44  2.384542E-16
5532.51  2.893563E-16
5533.58  2.617621E-16
5534.65  1.648140E-16
5535.72  1.426835E-16
5536.79  1.866324E-16
5537.86  2.296560E-16
5538.93  2.412691E-16
5540.  2.064275E-16
5541.07  2.070084E-16
5542.14  2.392570E-16
5543.21  2.187774E-16
5544.28  1.882833E-16
5545.35  2.143514E-16
5546.42  2.268790E-16
5547.49  1.873963E-16
5548.56  1.471281E-16
5549.63  1.562518E-16
5550.7  2.609326E-16
5551.77  3.178510E-16
5552.84  2.789013E-16
5553.91  2.446340E-16
5554.98  2.649085E-16
5556.05  2.325627E-16
5557.12  1.720287E-16
5558.19  2.136787E-16
5559.26  2.564369E-16
5560.33  2.554978E-16
5561.4  1.806944E-16
5562.47  2.089542E-16
5563.54  2.798258E-16
5564.61  2.555772E-16
5565.68  2.505540E-16
5566.75  2.460439E-16
5567.82  2.344379E-16
5568.89  2.273620E-16
5569.96  2.270940E-16
5571.03  1.979568E-16
5572.1  1.687764E-16
5573.17  1.519600E-16
5574.24  8.262486E-17
5575.31  1.807071E-16
5576.38  4.848159E-16
5577.45  3.717991E-16
5578.52  -6.000054E-17
5579.59  -1.084106E-16
5580.66  7.817681E-17
5581.73  1.309266E-16
5582.8  1.634681E-16
5583.87  1.102358E-16
5584.94  9.874196E-17
5586.01  1.489666E-16
5587.08  1.391799E-16
5588.15  1.933763E-16
5589.22  2.457350E-16
5590.29  1.985487E-16
5591.36  2.629191E-16
5592.43  2.390873E-16
5593.5  1.283872E-16
5594.57  1.094092E-16
5595.64  1.636922E-16
5596.71  2.306881E-16
5597.78  1.555475E-16
5598.85  1.588318E-16
5599.92  2.437256E-16
5600.99  2.143980E-16
5602.06  1.644572E-16
5603.13  1.925926E-16
5604.2  2.938598E-16
5605.27  2.113109E-16
5606.34  1.082226E-16
5607.41  1.163357E-16
5608.48  1.435470E-16
5609.55  1.589399E-16
5610.62  9.157934E-17
5611.69  8.116868E-17
5612.76  2.043874E-16
5613.83  1.189478E-16
5614.9  1.832657E-16
5615.97  3.121819E-16
5617.04  1.181840E-16
5618.11  6.066351E-17
5619.18  1.385704E-16
5620.25  1.469243E-16
5621.32  2.038967E-16
5622.39  1.690685E-16
5623.46  1.070210E-16
5624.53  2.468808E-16
5625.6  1.950115E-16
5626.67  2.673497E-16
5627.74  4.047993E-16
5628.81  2.429329E-16
5629.88  2.012507E-16
5630.95  1.629210E-16
5632.02  1.284152E-16
5633.09  1.411586E-16
5634.16  7.128030E-17
5635.23  1.227970E-16
5636.3  2.479751E-16
5637.37  1.594530E-16
5638.44  2.738226E-16
5639.51  6.046182E-17
5640.58  3.425244E-17
5641.65  2.319174E-16
5642.72  1.524498E-16
5643.79  1.695096E-16
5644.86  8.376630E-17
5645.93  9.848829E-17
5647.  3.952715E-16
5648.07  3.620491E-16
5649.14  2.215026E-16
5650.21  1.986503E-16
5651.28  1.905429E-16
5652.35  3.388823E-16
5653.42  3.077924E-16
5654.49  2.325761E-16
5655.56  2.030419E-16
5656.63  3.175576E-16
5657.7  1.890580E-16
5658.77  1.797116E-16
5659.84  3.121317E-16
5660.91  3.838017E-16
5661.98  3.503014E-16
5663.05  4.807132E-16
5664.12  4.369893E-16
5665.19  1.598529E-16
5666.26  1.826635E-16
5667.33  1.660464E-16
5668.4  2.928759E-16
5669.47  2.843963E-16
5670.54  4.644665E-16
5671.61  3.652634E-16
5672.68  1.142034E-16
5673.75  2.878606E-16
5674.82  4.140648E-16
5675.89  2.945203E-16
5676.96  2.969768E-16
5678.03  4.769574E-16
5679.1  6.040213E-16
5680.17  4.289538E-16
5681.24  2.932302E-17
5682.31  2.854479E-16
5683.38  6.151995E-16
5684.45  2.081443E-16
5685.52  9.155130E-17
5686.59  1.647947E-16
5687.66  5.996497E-16
5688.73  8.915804E-16
5689.8  6.400676E-16
5690.87  4.311468E-16
5691.94  5.769039E-16
5693.01  6.195064E-16
5694.08  4.041960E-16
5695.15  2.838365E-16
5696.22  2.321482E-16
5697.29  5.085705E-16
5698.36  9.831602E-16
5699.43  1.876754E-16
5700.5  -1.711963E-16
