3400.  7.568659E-16
3401.07  7.462376E-16
3402.14  8.482705E-16
3403.21  9.355878E-16
3404.28  8.083576E-16
3405.35  8.648943E-16
3406.42  9.182793E-16
3407.49  7.452978E-16
3408.56  5.928295E-16
3409.63  6.294558E-16
3410.7  7.893860E-16
3411.77  7.118740E-16
3412.84  7.350107E-16
3413.91  1.023347E-15
3414.98  8.017565E-16
3416.05  5.778399E-16
3417.12  6.730523E-16
3418.19  8.070768E-16
3419.26  8.673132E-16
3420.33  7.846382E-16
3421.4  6.916332E-16
3422.47  7.686606E-16
3423.54  6.945164E-16
3424.61  7.119925E-16
3425.68  6.897037E-16
3426.75  6.616022E-16
3427.82  6.527645E-16
3428.89  7.462498E-16
3429.96  6.736542E-16
3431.03  6.840256E-16
3432.1  6.959856E-16
3433.17  6.888988E-16
3434.24  6.801339E-16
3435.31  5.882254E-16
3436.38  6.253861E-16
3437.45  7.122491E-16
3438.52  6.965824E-16
3439.59  6.025262E-16
3440.66  6.229124E-16
3441.73  7.876346E-16
3442.8  6.761285E-16
3443.87  7.215582E-16
3444.94  8.294638E-16
3446.01  8.007639E-16
3447.08  6.720683E-16
3448.15  6.249440E-16
3449.22  6.609679E-16
3450.29  6.821351E-16
3451.36  5.859435E-16
3452.43  7.166375E-16
3453.5  6.460205E-16
3454.57  7.135603E-16
3455.64  6.943921E-16
3456.71  6.585820E-16
3457.78  5.995697E-16
3458.85  5.581115E-16
3459.92  6.636195E-16
3460.99  7.196466E-16
3462.06  7.406105E-16
3463.13  7.358975E-16
3464.2  6.730766E-16
3465.27  7.162807E-16
3466.34  6.956155E-16
3467.41  6.166176E-16
3468.48  6.675163E-16
3469.55  7.665686E-16
3470.62  5.918905E-16
3471.69  7.143755E-16
3472.76  7.796983E-16
3473.83  6.943078E-16
3474.9  6.157581E-16
3475.97  6.267126E-16
3477.04  7.580531E-16
3478.11  6.432906E-16
3479.18  6.528752E-16
3480.25  6.012024E-16
3481.32  6.656415E-16
3482.39  6.116310E-16
3483.46  7.017886E-16
3484.53  6.034942E-16
3485.6  5.045456E-16
3486.67  6.871536E-16
3487.74  5.687953E-16
3488.81  5.597783E-16
3489.88  6.041230E-16
3490.95  4.974213E-16
3492.02  4.768402E-16
3493.09  5.119541E-16
3494.16  5.341785E-16
3495.23  5.046832E-16
3496.3  5.526579E-16
3497.37  6.135813E-16
3498.44  6.039020E-16
3499.51  5.410484E-16
3500.58  5.585211E-16
3501.65  6.070642E-16
3502.72  5.420830E-16
3503.79  6.003938E-16
3504.86  6.551442E-16
3505.93  6.712708E-16
3507.  6.783582E-16
3508.07  6.359780E-16
3509.14  5.434037E-16
3510.21  6.808531E-16
3511.28  6.265159E-16
3512.35  6.446184E-16
3513.42  5.966367E-16
3514.49  6.869534E-16
3515.56  6.101180E-16
3516.63  6.315656E-16
3517.7  6.133582E-16
3518.77  7.358795E-16
3519.84  7.128345E-16
3520.91  6.935552E-16
3521.98  6.604427E-16
3523.05  5.809019E-16
3524.12  6.562497E-16
3525.19  7.110536E-16
3526.26  6.712826E-16
3527.33  5.764629E-16
3528.4  6.554915E-16
3529.47  6.552383E-16
3530.54  6.709161E-16
3531.61  6.390931E-16
3532.68  6.431938E-16
3533.75  6.159780E-16
3534.82  6.385606E-16
3535.89  6.680485E-16
3536.96  6.878320E-16
3538.03  6.307537E-16
3539.1  6.554132E-16
3540.17  7.223472E-16
3541.24  7.218385E-16
3542.31  7.265050E-16
3543.38  5.945579E-16
3544.45  5.464728E-16
3545.52  6.851394E-16
3546.59  7.212389E-16
3547.66  6.907437E-16
3548.73  7.242843E-16
3549.8  7.003482E-16
3550.87  6.099895E-16
3551.94  6.313137E-16
3553.01  6.069264E-16
3554.08  6.022284E-16
3555.15  6.610380E-16
3556.22  6.269741E-16
3557.29  5.734669E-16
3558.36  6.381136E-16
3559.43  6.195917E-16
3560.5  5.730794E-16
3561.57  6.119257E-16
3562.64  5.861857E-16
3563.71  4.920729E-16
3564.78  5.582415E-16
3565.85  6.046158E-16
3566.92  5.859566E-16
3567.99  5.130872E-16
3569.06  4.733781E-16
3570.13  5.089773E-16
3571.2  6.014269E-16
3572.27  6.174803E-16
3573.34  6.165328E-16
3574.41  5.654448E-16
3575.48  5.432290E-16
3576.55  5.012607E-16
3577.62  4.740126E-16
3578.69  4.914409E-16
3579.76  5.547872E-16
3580.83  5.920588E-16
3581.9  5.990281E-16
3582.97  4.917870E-16
3584.04  4.779383E-16
3585.11  5.934759E-16
3586.18  6.128134E-16
3587.25  6.011026E-16
3588.32  5.483619E-16
3589.39  5.404147E-16
3590.46  5.499661E-16
3591.53  5.769940E-16
3592.6  5.490682E-16
3593.67  5.433257E-16
3594.74  5.993803E-16
3595.81  6.170718E-16
3596.88  5.886482E-16
3597.95  6.176338E-16
3599.02  5.339056E-16
3600.09  5.269893E-16
3601.16  5.929641E-16
3602.23  5.627848E-16
3603.3  5.162492E-16
3604.37  5.027234E-16
3605.44  5.862604E-16
3606.51  6.207845E-16
3607.58  6.100881E-16
3608.65  6.035989E-16
3609.72  6.046565E-16
3610.79  5.698782E-16
3611.86  5.668019E-16
3612.93  6.461809E-16
3614.  6.571553E-16
3615.07  6.465881E-16
3616.14  6.830868E-16
3617.21  7.069920E-16
3618.28  6.314220E-16
3619.35  6.563747E-16
3620.42  6.173957E-16
3621.49  6.327868E-16
3622.56  6.802885E-16
3623.63  5.564061E-16
3624.7  5.731865E-16
3625.77  6.170851E-16
3626.84  6.155675E-16
3627.91  6.119610E-16
3628.98  6.353153E-16
3630.05  5.677782E-16
3631.12  5.920582E-16
3632.19  5.950908E-16
3633.26  5.839301E-16
3634.33  6.109436E-16
3635.4  5.452390E-16
3636.47  5.806014E-16
3637.54  5.913114E-16
3638.61  5.153269E-16
3639.68  5.209748E-16
3640.75  5.024623E-16
3641.82  5.432719E-16
3642.89  5.499806E-16
3643.96  5.141459E-16
3645.03  5.438760E-16
3646.1  5.442516E-16
3647.17  4.863869E-16
3648.24  5.226777E-16
3649.31  5.313120E-16
3650.38  5.352630E-16
3651.45  5.083321E-16
3652.52  4.481153E-16
3653.59  4.594666E-16
3654.66  4.918034E-16
3655.73  4.851972E-16
3656.8  4.612359E-16
3657.87  4.548372E-16
3658.94  4.190268E-16
3660.01  3.983702E-16
3661.08  4.133265E-16
3662.15  4.231779E-16
3663.22  4.622153E-16
3664.29  4.821385E-16
3665.36  5.083095E-16
3666.43  4.325750E-16
3667.5  4.239785E-16
3668.57  4.593705E-16
3669.64  4.862294E-16
3670.71  4.790276E-16
3671.78  4.421461E-16
3672.85  4.053711E-16
3673.92  4.731154E-16
3674.99  4.415341E-16
3676.06  5.228409E-16
3677.13  5.049352E-16
3678.2  4.695340E-16
3679.27  4.745065E-16
3680.34  5.055566E-16
3681.41  4.757609E-16
3682.48  4.913796E-16
3683.55  4.578358E-16
3684.62  5.484542E-16
3685.69  5.467296E-16
3686.76  5.205499E-16
3687.83  4.818690E-16
3688.9  4.871928E-16
3689.97  5.239271E-16
3691.04  5.803684E-16
3692.11  5.550232E-16
3693.18  5.372987E-16
3694.25  5.303370E-16
3695.32  5.724635E-16
3696.39  6.252072E-16
3697.46  6.384942E-16
3698.53  6.293970E-16
3699.6  6.096613E-16
3700.67  5.172864E-16
3701.74  5.431268E-16
3702.81  6.274471E-16
3703.88  6.330042E-16
3704.95  5.774850E-16
3706.02  6.091618E-16
3707.09  5.694404E-16
3708.16  6.317505E-16
3709.23  5.845804E-16
3710.3  5.109204E-16
3711.37  5.655022E-16
3712.44  6.151371E-16
3713.51  6.806408E-16
3714.58  6.183950E-16
3715.65  6.103841E-16
3716.72  5.661670E-16
3717.79  5.674493E-16
3718.86  5.422489E-16
3719.93  5.104772E-16
3721.  5.229612E-16
3722.07  6.085744E-16
3723.14  5.118138E-16
3724.21  5.191273E-16
3725.28  5.148947E-16
3726.35  5.074132E-16
3727.42  5.494098E-16
3728.49  5.800962E-16
3729.56  5.237252E-16
3730.63  4.575799E-16
3731.7  4.574821E-16
3732.77  5.091696E-16
3733.84  4.715606E-16
3734.91  4.854018E-16
3735.98  4.510937E-16
3737.05  4.576261E-16
3738.12  4.563922E-16
3739.19  4.726802E-16
3740.26  4.724554E-16
3741.33  4.357507E-16
3742.4  4.434757E-16
3743.47  4.442634E-16
3744.54  4.364758E-16
3745.61  4.049956E-16
3746.68  4.207928E-16
3747.75  4.169595E-16
3748.82  4.601748E-16
3749.89  4.114096E-16
3750.96  4.287377E-16
3752.03  4.308315E-16
3753.1  4.364272E-16
3754.17  4.147250E-16
3755.24  4.123667E-16
3756.31  4.141989E-16
3757.38  3.835345E-16
3758.45  3.988693E-16
3759.52  3.967692E-16
3760.59  3.767301E-16
3761.66  4.016662E-16
3762.73  4.141046E-16
3763.8  4.381453E-16
3764.87  4.335078E-16
3765.94  4.434327E-16
3767.01  4.007883E-16
3768.08  4.187761E-16
3769.15  4.118959E-16
3770.22  4.111094E-16
3771.29  4.133718E-16
3772.36  3.898625E-16
3773.43  4.005634E-16
3774.5  4.151945E-16
3775.57  3.937031E-16
3776.64  4.310002E-16
3777.71  4.575457E-16
3778.78  4.113844E-16
3779.85  4.554076E-16
3780.92  4.677021E-16
3781.99  4.694979E-16
3783.06  4.483353E-16
3784.13  4.154216E-16
3785.2  4.343214E-16
3786.27  4.533227E-16
3787.34  4.473577E-16
3788.41  4.422209E-16
3789.48  4.348271E-16
3790.55  4.493327E-16
3791.62  4.416398E-16
3792.69  4.778120E-16
3793.76  4.815898E-16
3794.83  4.295945E-16
3795.9  4.144670E-16
3796.97  4.494304E-16
3798.04  4.697583E-16
3799.11  4.485522E-16
3800.18  4.953244E-16
3801.25  4.560359E-16
3802.32  4.166366E-16
3803.39  4.673279E-16
3804.46  4.718288E-16
3805.53  4.690887E-16
3806.6  4.645679E-16
3807.67  5.372721E-16
3808.74  5.269164E-16
3809.81  5.182422E-16
3810.88  5.517312E-16
3811.95  5.765300E-16
3813.02  5.520128E-16
3814.09  5.014832E-16
3815.16  5.138869E-16
3816.23  5.325011E-16
3817.3  4.889695E-16
3818.37  4.727037E-16
3819.44  5.324478E-16
3820.51  5.317884E-16
3821.58  4.974027E-16
3822.65  5.005057E-16
3823.72  5.267125E-16
3824.79  5.080428E-16
3825.86  4.696049E-16
3826.93  4.878852E-16
3828.  5.131971E-16
3829.07  4.784305E-16
3830.14  4.860069E-16
3831.21  4.807041E-16
3832.28  4.804424E-16
3833.35  4.641033E-16
3834.42  4.491629E-16
3835.49  4.660394E-16
3836.56  4.272839E-16
3837.63  4.380989E-16
3838.7  4.595368E-16
3839.77  4.355725E-16
3840.84  4.124967E-16
3841.91  4.289168E-16
3842.98  4.605716E-16
3844.05  4.407454E-16
3845.12  4.254645E-16
3846.19  4.297391E-16
3847.26  4.389171E-16
3848.33  4.430477E-16
3849.4  4.247617E-16
3850.47  4.223926E-16
3851.54  4.331083E-16
3852.61  4.526877E-16
3853.68  4.595505E-16
3854.75  4.357825E-16
3855.82  4.460781E-16
3856.89  4.564116E-16
3857.96  4.764507E-16
3859.03  5.097095E-16
3860.1  5.033406E-16
3861.17  4.939177E-16
3862.24  4.968081E-16
3863.31  5.016529E-16
3864.38  4.950396E-16
3865.45  4.764477E-16
3866.52  4.540573E-16
3867.59  4.229736E-16
3868.66  4.565111E-16
3869.73  4.641395E-16
3870.8  4.593270E-16
3871.87  4.836041E-16
3872.94  4.615715E-16
3874.01  4.301649E-16
3875.08  4.309379E-16
3876.15  4.328170E-16
3877.22  4.642486E-16
3878.29  4.314669E-16
3879.36  3.847296E-16
3880.43  4.154150E-16
3881.5  4.500594E-16
3882.57  4.215611E-16
3883.64  4.083283E-16
3884.71  3.743651E-16
3885.78  3.991649E-16
3886.85  3.669925E-16
3887.92  3.394114E-16
3888.99  3.298681E-16
3890.06  3.555161E-16
3891.13  3.757189E-16
3892.2  3.584129E-16
3893.27  3.087032E-16
3894.34  3.177796E-16
3895.41  3.578002E-16
3896.48  3.762960E-16
3897.55  3.869796E-16
3898.62  3.600959E-16
3899.69  3.978970E-16
3900.76  4.293892E-16
3901.83  4.560546E-16
3902.9  4.309702E-16
3903.97  4.386050E-16
3905.04  4.549779E-16
3906.11  4.395230E-16
3907.18  4.621538E-16
3908.25  5.009219E-16
3909.32  5.059479E-16
3910.39  4.831311E-16
3911.46  4.446949E-16
3912.53  4.672289E-16
3913.6  4.804035E-16
3914.67  5.067866E-16
3915.74  5.618174E-16
3916.81  5.062144E-16
3917.88  4.649595E-16
3918.95  5.214085E-16
3920.02  4.973665E-16
3921.09  5.044498E-16
3922.16  5.296427E-16
3923.23  5.136022E-16
3924.3  5.460393E-16
3925.37  5.052712E-16
3926.44  5.215468E-16
3927.51  6.000852E-16
3928.58  5.650610E-16
3929.65  5.161482E-16
3930.72  4.735180E-16
3931.79  4.629504E-16
3932.86  4.866318E-16
3933.93  5.124525E-16
3935.  4.993486E-16
3936.07  5.430391E-16
3937.14  5.493522E-16
3938.21  5.059370E-16
3939.28  4.993278E-16
3940.35  5.114124E-16
3941.42  4.918754E-16
3942.49  4.856800E-16
3943.56  4.830735E-16
3944.63  4.558627E-16
3945.7  4.477250E-16
3946.77  4.674635E-16
3947.84  4.807517E-16
3948.91  4.545329E-16
3949.98  4.140075E-16
3951.05  4.475695E-16
3952.12  4.556189E-16
3953.19  4.312807E-16
3954.26  4.271379E-16
3955.33  3.982383E-16
3956.4  3.997734E-16
3957.47  4.046455E-16
3958.54  4.082274E-16
3959.61  4.040610E-16
3960.68  3.814391E-16
3961.75  3.371820E-16
3962.82  3.689291E-16
3963.89  3.731803E-16
3964.96  3.222744E-16
3966.03  3.455426E-16
3967.1  3.458728E-16
3968.17  3.399046E-16
3969.24  3.302036E-16
3970.31  3.164899E-16
3971.38  3.542110E-16
3972.45  3.471008E-16
3973.52  3.033633E-16
3974.59  3.356836E-16
3975.66  3.233995E-16
3976.73  3.406950E-16
3977.8  3.824616E-16
3978.87  3.600623E-16
3979.94  3.970065E-16
3981.01  4.023075E-16
3982.08  3.719146E-16
3983.15  4.166063E-16
3984.22  4.033273E-16
3985.29  3.761176E-16
3986.36  3.845126E-16
3987.43  3.674868E-16
3988.5  4.375570E-16
3989.57  4.363931E-16
3990.64  4.614179E-16
3991.71  3.961914E-16
3992.78  4.018014E-16
3993.85  4.738791E-16
3994.92  4.710591E-16
3995.99  4.843451E-16
3997.06  4.761320E-16
3998.13  4.582106E-16
3999.2  4.817400E-16
4000.27  4.917210E-16
4001.34  4.852914E-16
4002.41  4.467542E-16
4003.48  4.892662E-16
4004.55  5.194703E-16
4005.62  4.927726E-16
4006.69  4.975603E-16
4007.76  4.915061E-16
4008.83  5.274815E-16
4009.9  5.656328E-16
4010.97  5.290174E-16
4012.04  4.915022E-16
4013.11  4.630064E-16
4014.18  4.743264E-16
4015.25  5.153941E-16
4016.32  5.248746E-16
4017.39  5.344360E-16
4018.46  5.180003E-16
4019.53  5.015847E-16
4020.6  5.287517E-16
4021.67  5.364709E-16
4022.74  5.449278E-16
4023.81  5.204483E-16
4024.88  5.202222E-16
4025.95  5.237646E-16
4027.02  5.333976E-16
4028.09  5.228010E-16
4029.16  5.303198E-16
4030.23  5.073591E-16
4031.3  4.963665E-16
4032.37  4.887791E-16
4033.44  4.808826E-16
4034.51  5.064354E-16
4035.58  5.070117E-16
4036.65  4.828034E-16
4037.72  5.471783E-16
4038.79  4.967198E-16
4039.86  5.056743E-16
4040.93  5.084156E-16
4042.  5.100726E-16
4043.07  4.925253E-16
4044.14  5.094205E-16
4045.21  5.197507E-16
4046.28  5.456363E-16
4047.35  5.062422E-16
4048.42  5.162339E-16
4049.49  5.181643E-16
4050.56  4.968927E-16
4051.63  4.884062E-16
4052.7  4.754665E-16
4053.77  4.852886E-16
4054.84  4.967064E-16
4055.91  4.983030E-16
4056.98  5.103760E-16
4058.05  5.042414E-16
4059.12  5.035121E-16
4060.19  5.121933E-16
4061.26  5.188026E-16
4062.33  5.290086E-16
4063.4  4.989862E-16
4064.47  4.892329E-16
4065.54  5.111229E-16
4066.61  5.041723E-16
4067.68  4.757785E-16
4068.75  4.776095E-16
4069.82  4.792268E-16
4070.89  4.748654E-16
4071.96  4.811584E-16
4073.03  4.696110E-16
4074.1  4.575475E-16
4075.17  4.544704E-16
4076.24  4.937202E-16
4077.31  4.608660E-16
4078.38  4.370693E-16
4079.45  4.627210E-16
4080.52  4.196402E-16
4081.59  4.180253E-16
4082.66  3.943812E-16
4083.73  4.137319E-16
4084.8  4.291096E-16
4085.87  3.745006E-16
4086.94  3.719186E-16
4088.01  4.001349E-16
4089.08  3.895808E-16
4090.15  3.830349E-16
4091.22  4.007060E-16
4092.29  3.798038E-16
4093.36  3.433298E-16
4094.43  3.429921E-16
4095.5  3.393853E-16
4096.57  3.337997E-16
4097.64  3.193597E-16
4098.71  3.307301E-16
4099.78  3.394273E-16
4100.85  3.131848E-16
4101.92  3.081857E-16
4102.99  2.982594E-16
4104.06  2.907228E-16
4105.13  2.724893E-16
4106.2  2.768759E-16
4107.27  2.667823E-16
4108.34  2.986891E-16
4109.41  3.350807E-16
4110.48  3.307288E-16
4111.55  3.334835E-16
4112.62  3.271928E-16
4113.69  3.275700E-16
4114.76  3.411569E-16
4115.83  3.683405E-16
4116.9  3.647506E-16
4117.97  3.759168E-16
4119.04  3.622479E-16
4120.11  3.962767E-16
4121.18  4.102195E-16
4122.25  3.744542E-16
4123.32  4.047279E-16
4124.39  4.092988E-16
4125.46  3.882066E-16
4126.53  3.743123E-16
4127.6  4.003927E-16
4128.67  4.293077E-16
4129.74  4.032845E-16
4130.81  4.104658E-16
4131.88  4.399137E-16
4132.95  4.500751E-16
4134.02  4.347558E-16
4135.09  4.249968E-16
4136.16  4.312107E-16
4137.23  4.319525E-16
4138.3  4.730627E-16
4139.37  4.975100E-16
4140.44  4.827044E-16
4141.51  4.795361E-16
4142.58  4.969623E-16
4143.65  5.081215E-16
4144.72  4.857671E-16
4145.79  4.615288E-16
4146.86  4.491708E-16
4147.93  4.718602E-16
4149.  5.012406E-16
4150.07  5.111664E-16
4151.14  4.880030E-16
4152.21  4.674111E-16
4153.28  4.713608E-16
4154.35  4.650432E-16
4155.42  4.791176E-16
4156.49  4.998259E-16
4157.56  5.137161E-16
4158.63  5.110165E-16
4159.7  5.068141E-16
4160.77  5.302067E-16
4161.84  5.256285E-16
4162.91  4.902378E-16
4163.98  4.914309E-16
4165.05  4.856631E-16
4166.12  4.965789E-16
4167.19  4.971290E-16
4168.26  4.715418E-16
4169.33  4.818118E-16
4170.4  4.825985E-16
4171.47  4.948650E-16
4172.54  5.192941E-16
4173.61  5.402814E-16
4174.68  4.851716E-16
4175.75  4.730373E-16
4176.82  5.192209E-16
4177.89  5.063933E-16
4178.96  4.818457E-16
4180.03  4.769911E-16
4181.1  4.459805E-16
4182.17  4.475237E-16
4183.24  5.159813E-16
4184.31  5.234788E-16
4185.38  5.006852E-16
4186.45  4.735594E-16
4187.52  4.862401E-16
4188.59  5.446010E-16
4189.66  5.379551E-16
4190.73  5.141975E-16
4191.8  5.185839E-16
4192.87  5.298030E-16
4193.94  5.331783E-16
4195.01  5.424144E-16
4196.08  5.081586E-16
4197.15  4.752143E-16
4198.22  5.330255E-16
4199.29  4.921269E-16
4200.36  4.938076E-16
4201.43  5.149266E-16
4202.5  4.930732E-16
4203.57  4.743421E-16
4204.64  5.073331E-16
4205.71  5.452195E-16
4206.78  5.474306E-16
4207.85  5.094374E-16
4208.92  5.070386E-16
4209.99  5.382894E-16
4211.06  5.080497E-16
4212.13  4.838756E-16
4213.2  5.156210E-16
4214.27  5.306875E-16
4215.34  5.073135E-16
4216.41  4.806612E-16
4217.48  4.629841E-16
4218.55  4.639550E-16
4219.62  4.748533E-16
4220.69  4.737884E-16
4221.76  4.894523E-16
4222.83  5.124132E-16
4223.9  5.174715E-16
4224.97  4.962618E-16
4226.04  4.659008E-16
4227.11  4.755655E-16
4228.18  4.735290E-16
4229.25  4.813385E-16
4230.32  4.963287E-16
4231.39  4.912661E-16
4232.46  4.998865E-16
4233.53  4.733122E-16
4234.6  4.585836E-16
4235.67  4.498755E-16
4236.74  4.476811E-16
4237.81  4.536068E-16
4238.88  4.494216E-16
4239.95  4.543380E-16
4241.02  4.499185E-16
4242.09  4.413636E-16
4243.16  5.004012E-16
4244.23  4.968601E-16
4245.3  4.799937E-16
4246.37  4.738413E-16
4247.44  4.624241E-16
4248.51  4.754213E-16
4249.58  4.898493E-16
4250.65  4.920168E-16
4251.72  4.672552E-16
4252.79  4.583812E-16
4253.86  4.457433E-16
4254.93  4.256643E-16
4256.  4.072098E-16
4257.07  4.180097E-16
4258.14  4.475972E-16
4259.21  4.552935E-16
4260.28  4.619787E-16
4261.35  4.296123E-16
4262.42  4.505350E-16
4263.49  4.533856E-16
4264.56  4.316358E-16
4265.63  4.419276E-16
4266.7  4.191021E-16
4267.77  4.239666E-16
4268.84  4.328296E-16
4269.91  4.241832E-16
4270.98  4.460514E-16
4272.05  4.349453E-16
4273.12  4.227843E-16
4274.19  4.490396E-16
4275.26  4.522733E-16
4276.33  4.307850E-16
4277.4  4.229035E-16
4278.47  4.494973E-16
4279.54  4.446696E-16
4280.61  4.239615E-16
4281.68  4.201863E-16
4282.75  4.292476E-16
4283.82  4.243673E-16
4284.89  4.142910E-16
4285.96  4.289541E-16
4287.03  4.279504E-16
4288.1  4.477169E-16
4289.17  4.553460E-16
4290.24  4.270315E-16
4291.31  4.263632E-16
4292.38  4.058176E-16
4293.45  3.802527E-16
4294.52  3.990006E-16
4295.59  4.178236E-16
4296.66  4.225606E-16
4297.73  4.023967E-16
4298.8  4.062025E-16
4299.87  4.370580E-16
4300.94  4.116519E-16
4302.01  3.932559E-16
4303.08  3.865575E-16
4304.15  3.917882E-16
4305.22  3.799086E-16
4306.29  3.969970E-16
4307.36  3.957006E-16
4308.43  3.845691E-16
4309.5  3.887865E-16
4310.57  3.640578E-16
4311.64  3.707777E-16
4312.71  3.817744E-16
4313.78  3.687507E-16
4314.85  3.808380E-16
4315.92  3.596964E-16
4316.99  3.508464E-16
4318.06  3.425308E-16
4319.13  3.292019E-16
4320.2  3.256356E-16
4321.27  3.349999E-16
4322.34  3.843917E-16
4323.41  3.645885E-16
4324.48  3.277694E-16
4325.55  3.322442E-16
4326.62  3.520657E-16
4327.69  3.342026E-16
4328.76  3.073113E-16
4329.83  3.364235E-16
4330.9  2.999235E-16
4331.97  2.543966E-16
4333.04  2.533426E-16
4334.11  2.799123E-16
4335.18  2.775653E-16
4336.25  2.628216E-16
4337.32  2.511939E-16
4338.39  2.755039E-16
4339.46  2.801447E-16
4340.53  2.529747E-16
4341.6  2.293390E-16
4342.67  2.580434E-16
4343.74  2.608492E-16
4344.81  2.276716E-16
4345.88  2.376686E-16
4346.95  2.391014E-16
4348.02  2.314213E-16
4349.09  2.466264E-16
4350.16  2.756098E-16
4351.23  2.899335E-16
4352.3  2.990434E-16
4353.37  3.096295E-16
4354.44  3.037697E-16
4355.51  3.123449E-16
4356.58  3.139101E-16
4357.65  3.379240E-16
4358.72  3.763767E-16
4359.79  3.634567E-16
4360.86  3.178753E-16
4361.93  3.014231E-16
4363.  3.274052E-16
4364.07  3.349187E-16
4365.14  3.353826E-16
4366.21  3.473773E-16
4367.28  3.596808E-16
4368.35  3.523198E-16
4369.42  3.611607E-16
4370.49  3.755768E-16
4371.56  3.884451E-16
4372.63  3.872384E-16
4373.7  3.707875E-16
4374.77  3.878359E-16
4375.84  3.739119E-16
4376.91  4.069008E-16
4377.98  4.281820E-16
4379.05  3.850742E-16
4380.12  4.006763E-16
4381.19  4.009971E-16
4382.26  3.816228E-16
4383.33  3.924610E-16
4384.4  3.663137E-16
4385.47  3.546013E-16
4386.54  4.055715E-16
4387.61  4.036004E-16
4388.68  4.086756E-16
4389.75  4.185379E-16
4390.82  4.165877E-16
4391.89  4.094864E-16
4392.96  4.481920E-16
4394.03  4.305830E-16
4395.1  3.957521E-16
4396.17  4.066600E-16
4397.24  4.163825E-16
4398.31  3.923668E-16
4399.38  4.053155E-16
4400.45  4.078844E-16
4401.52  4.010981E-16
4402.59  3.746685E-16
4403.66  3.861909E-16
4404.73  3.987221E-16
4405.8  3.842505E-16
4406.87  3.888580E-16
4407.94  3.790135E-16
4409.01  3.907275E-16
4410.08  4.091197E-16
4411.15  4.180151E-16
4412.22  4.282829E-16
4413.29  4.258953E-16
4414.36  4.270257E-16
4415.43  4.101752E-16
4416.5  4.102036E-16
4417.57  4.244816E-16
4418.64  4.306777E-16
4419.71  4.186361E-16
4420.78  3.947526E-16
4421.85  4.352505E-16
4422.92  4.254306E-16
4423.99  3.880828E-16
4425.06  4.106462E-16
4426.13  4.153261E-16
4427.2  3.861447E-16
4428.27  4.115740E-16
4429.34  4.385751E-16
4430.41  4.132498E-16
4431.48  3.997678E-16
4432.55  4.004788E-16
4433.62  3.978727E-16
4434.69  4.081058E-16
4435.76  4.194724E-16
4436.83  3.883128E-16
4437.9  3.986574E-16
4438.97  4.170680E-16
4440.04  4.321879E-16
4441.11  4.219619E-16
4442.18  4.304887E-16
4443.25  3.901785E-16
4444.32  3.865269E-16
4445.39  3.945642E-16
4446.46  4.014790E-16
4447.53  4.266366E-16
4448.6  4.349017E-16
4449.67  4.084362E-16
4450.74  4.279207E-16
4451.81  4.034661E-16
4452.88  4.147280E-16
4453.95  4.062699E-16
4455.02  4.048358E-16
4456.09  4.072485E-16
4457.16  4.344463E-16
4458.23  4.329991E-16
4459.3  3.975608E-16
4460.37  3.582282E-16
4461.44  3.941226E-16
4462.51  4.168090E-16
4463.58  4.277648E-16
4464.65  4.214049E-16
4465.72  4.090031E-16
4466.79  4.197654E-16
4467.86  4.258304E-16
4468.93  4.265976E-16
4470.  4.132249E-16
4471.07  4.126210E-16
4472.14  4.177192E-16
4473.21  3.854465E-16
4474.28  3.689200E-16
4475.35  4.037830E-16
4476.42  4.129329E-16
4477.49  3.795206E-16
4478.56  3.694558E-16
4479.63  3.721335E-16
4480.7  3.800837E-16
4481.77  3.856424E-16
4482.84  3.744638E-16
4483.91  3.882745E-16
4484.98  3.995902E-16
4486.05  3.946454E-16
4487.12  4.013649E-16
4488.19  4.247172E-16
4489.26  4.036715E-16
4490.33  3.747336E-16
4491.4  3.954239E-16
4492.47  4.229616E-16
4493.54  3.979720E-16
4494.61  4.029731E-16
4495.68  3.766723E-16
4496.75  3.962914E-16
4497.82  4.007517E-16
4498.89  4.051730E-16
4499.96  3.825977E-16
4501.03  4.081635E-16
4502.1  3.841575E-16
4503.17  3.889076E-16
4504.24  3.919266E-16
4505.31  4.189226E-16
4506.38  3.918725E-16
4507.45  3.801740E-16
4508.52  3.809257E-16
4509.59  3.709501E-16
4510.66  3.704496E-16
4511.73  3.672152E-16
4512.8  3.328156E-16
4513.87  3.762181E-16
4514.94  3.922306E-16
4516.01  3.902562E-16
4517.08  3.925408E-16
4518.15  4.069664E-16
4519.22  4.116762E-16
4520.29  4.290326E-16
4521.36  3.999584E-16
4522.43  4.067482E-16
4523.5  4.037784E-16
4524.57  3.803255E-16
4525.64  3.833289E-16
4526.71  4.171696E-16
4527.78  4.235642E-16
4528.85  3.942919E-16
4529.92  3.824654E-16
4530.99  3.801491E-16
4532.06  3.579709E-16
4533.13  3.662607E-16
4534.2  3.810234E-16
4535.27  3.611193E-16
4536.34  3.893806E-16
4537.41  4.135258E-16
4538.48  4.116371E-16
4539.55  4.205221E-16
4540.62  3.612927E-16
4541.69  3.261940E-16
4542.76  3.669438E-16
4543.83  3.888761E-16
4544.9  3.848508E-16
4545.97  3.686107E-16
4547.04  3.600877E-16
4548.11  3.898176E-16
4549.18  3.872323E-16
4550.25  3.607834E-16
4551.32  3.602325E-16
4552.39  3.831047E-16
4553.46  3.799853E-16
4554.53  4.201616E-16
4555.6  4.276081E-16
4556.67  4.169173E-16
4557.74  3.883028E-16
4558.81  3.686568E-16
4559.88  3.498810E-16
4560.95  3.550441E-16
4562.02  3.585563E-16
4563.09  4.028864E-16
4564.16  3.834037E-16
4565.23  3.874792E-16
4566.3  3.696977E-16
4567.37  3.374046E-16
4568.44  3.459943E-16
4569.51  3.683261E-16
4570.58  3.634774E-16
4571.65  3.844143E-16
4572.72  3.895300E-16
4573.79  3.784834E-16
4574.86  3.788879E-16
4575.93  3.956720E-16
4577.  3.694198E-16
4578.07  3.823500E-16
4579.14  3.749263E-16
4580.21  3.674206E-16
4581.28  3.746223E-16
4582.35  3.710104E-16
4583.42  3.839826E-16
4584.49  3.862335E-16
4585.56  3.715004E-16
4586.63  3.907683E-16
4587.7  3.850543E-16
4588.77  3.538535E-16
4589.84  3.618032E-16
4590.91  3.625011E-16
4591.98  3.704393E-16
4593.05  3.699388E-16
4594.12  3.543624E-16
4595.19  3.862927E-16
4596.26  3.808451E-16
4597.33  3.715672E-16
4598.4  3.975361E-16
4599.47  3.724936E-16
4600.54  3.519543E-16
4601.61  3.654979E-16
4602.68  3.766431E-16
4603.75  3.576421E-16
4604.82  3.513046E-16
4605.89  3.532643E-16
4606.96  3.848981E-16
4608.03  4.233938E-16
4609.1  3.967448E-16
4610.17  3.605344E-16
4611.24  3.599504E-16
4612.31  3.688150E-16
4613.38  3.296415E-16
4614.45  4.021420E-16
4615.52  3.805685E-16
4616.59  3.443762E-16
4617.66  3.308358E-16
4618.73  3.719849E-16
4619.8  3.949951E-16
4620.87  3.362529E-16
4621.94  3.587813E-16
4623.01  3.644779E-16
4624.08  4.080585E-16
4625.15  3.476438E-16
4626.22  3.522381E-16
4627.29  3.698025E-16
4628.36  3.563668E-16
4629.43  3.807322E-16
4630.5  3.629485E-16
4631.57  3.709054E-16
4632.64  3.838707E-16
4633.71  3.708762E-16
4634.78  3.601896E-16
4635.85  3.762742E-16
4636.92  4.021984E-16
4637.99  3.783824E-16
4639.06  3.139575E-16
4640.13  3.686396E-16
4641.2  3.655748E-16
4642.27  3.699991E-16
4643.34  3.874406E-16
4644.41  3.435971E-16
4645.48  3.366797E-16
4646.55  3.546874E-16
4647.62  3.591675E-16
4648.69  3.412743E-16
4649.76  3.606758E-16
4650.83  3.885184E-16
4651.9  3.795240E-16
4652.97  3.691419E-16
4654.04  3.714288E-16
4655.11  3.786950E-16
4656.18  3.801661E-16
4657.25  3.735280E-16
4658.32  3.437870E-16
4659.39  3.284830E-16
4660.46  3.476884E-16
4661.53  3.497401E-16
4662.6  3.477945E-16
4663.67  3.588120E-16
4664.74  3.386659E-16
4665.81  3.127863E-16
4666.88  3.333409E-16
4667.95  3.306918E-16
4669.02  3.341250E-16
4670.09  3.472347E-16
4671.16  3.373059E-16
4672.23  3.177296E-16
4673.3  3.415639E-16
4674.37  3.438814E-16
4675.44  3.244382E-16
4676.51  3.257031E-16
4677.58  3.207273E-16
4678.65  3.859427E-16
4679.72  3.577662E-16
4680.79  3.512275E-16
4681.86  3.231016E-16
4682.93  3.241815E-16
4684.  3.439605E-16
4685.07  3.566401E-16
4686.14  3.300440E-16
4687.21  3.236209E-16
4688.28  3.425195E-16
4689.35  3.351947E-16
4690.42  3.284669E-16
4691.49  3.326747E-16
4692.56  3.345524E-16
4693.63  3.247673E-16
4694.7  3.321248E-16
4695.77  3.490314E-16
4696.84  3.011292E-16
4697.91  3.123888E-16
4698.98  3.241429E-16
4700.05  3.202987E-16
4701.12  3.147312E-16
4702.19  3.197458E-16
4703.26  3.514851E-16
4704.33  3.408032E-16
4705.4  3.344377E-16
4706.47  3.588435E-16
4707.54  3.404060E-16
4708.61  3.253051E-16
4709.68  3.676843E-16
4710.75  3.593943E-16
4711.82  3.426859E-16
4712.89  3.446739E-16
4713.96  3.307758E-16
4715.03  3.553411E-16
4716.1  3.500123E-16
4717.17  3.221101E-16
4718.24  3.390061E-16
4719.31  3.285054E-16
4720.38  3.046942E-16
4721.45  3.190392E-16
4722.52  3.174619E-16
4723.59  3.094574E-16
4724.66  3.375853E-16
4725.73  3.461563E-16
4726.8  3.325968E-16
4727.87  3.251614E-16
4728.94  3.204124E-16
4730.01  3.558157E-16
4731.08  3.373983E-16
4732.15  3.151957E-16
4733.22  3.108670E-16
4734.29  3.446293E-16
4735.36  3.579973E-16
4736.43  3.659147E-16
4737.5  3.300230E-16
4738.57  3.368394E-16
4739.64  3.359264E-16
4740.71  3.383492E-16
4741.78  3.389908E-16
4742.85  3.145864E-16
4743.92  3.308912E-16
4744.99  3.495335E-16
4746.06  3.491821E-16
4747.13  3.743003E-16
4748.2  3.471197E-16
4749.27  3.105804E-16
4750.34  3.144391E-16
4751.41  3.412744E-16
4752.48  3.458646E-16
4753.55  3.526183E-16
4754.62  3.293244E-16
4755.69  3.094195E-16
4756.76  3.100987E-16
4757.83  3.240264E-16
4758.9  3.449572E-16
4759.97  3.766766E-16
4761.04  3.362105E-16
4762.11  3.256769E-16
4763.18  3.413625E-16
4764.25  3.579686E-16
4765.32  3.420220E-16
4766.39  3.322882E-16
4767.46  3.367774E-16
4768.53  3.353028E-16
4769.6  3.302551E-16
4770.67  3.232111E-16
4771.74  3.239354E-16
4772.81  3.346337E-16
4773.88  3.304227E-16
4774.95  3.145115E-16
4776.02  3.074815E-16
4777.09  3.140820E-16
4778.16  3.096828E-16
4779.23  3.117484E-16
4780.3  3.400457E-16
4781.37  3.453440E-16
4782.44  3.277168E-16
4783.51  3.010096E-16
4784.58  3.051037E-16
4785.65  3.262254E-16
4786.72  3.433609E-16
4787.79  3.253715E-16
4788.86  3.232883E-16
4789.93  3.231472E-16
4791.  3.192344E-16
4792.07  3.089527E-16
4793.14  3.122331E-16
4794.21  3.069611E-16
4795.28  2.944093E-16
4796.35  3.128815E-16
4797.42  3.196587E-16
4798.49  3.239507E-16
4799.56  3.304402E-16
4800.63  3.114160E-16
4801.7  3.247690E-16
4802.77  3.430874E-16
4803.84  3.337836E-16
4804.91  3.098236E-16
4805.98  2.886065E-16
4807.05  3.062874E-16
4808.12  3.055696E-16
4809.19  2.759174E-16
4810.26  3.104943E-16
4811.33  3.093032E-16
4812.4  3.079673E-16
4813.47  2.973749E-16
4814.54  3.131083E-16
4815.61  3.042549E-16
4816.68  2.912395E-16
4817.75  2.966604E-16
4818.82  3.100749E-16
4819.89  2.972664E-16
4820.96  2.966483E-16
4822.03  3.243319E-16
4823.1  3.253077E-16
4824.17  2.793979E-16
4825.24  2.852601E-16
4826.31  2.998988E-16
4827.38  2.987118E-16
4828.45  3.100448E-16
4829.52  2.998840E-16
4830.59  2.797882E-16
4831.66  2.961307E-16
4832.73  3.025289E-16
4833.8  2.816035E-16
4834.87  2.718235E-16
4835.94  2.718509E-16
4837.01  2.757112E-16
4838.08  2.719744E-16
4839.15  2.591860E-16
4840.22  2.683048E-16
4841.29  2.910644E-16
4842.36  2.855700E-16
4843.43  2.670671E-16
4844.5  2.534599E-16
4845.57  2.362149E-16
4846.64  2.306489E-16
4847.71  2.363112E-16
4848.78  2.458170E-16
4849.85  2.515730E-16
4850.92  2.391661E-16
4851.99  2.097625E-16
4853.06  1.949956E-16
4854.13  2.031235E-16
4855.2  1.923514E-16
4856.27  1.862780E-16
4857.34  2.145224E-16
4858.41  1.966966E-16
4859.48  1.840005E-16
4860.55  1.737084E-16
4861.62  1.983474E-16
4862.69  2.012915E-16
4863.76  1.859448E-16
4864.83  1.716082E-16
4865.9  1.751390E-16
4866.97  2.010684E-16
4868.04  1.747094E-16
4869.11  1.581229E-16
4870.18  1.741299E-16
4871.25  2.051991E-16
4872.32  2.020999E-16
4873.39  2.108809E-16
4874.46  2.195043E-16
4875.53  2.084231E-16
4876.6  1.970055E-16
4877.67  2.243547E-16
4878.74  2.462290E-16
4879.81  2.425465E-16
4880.88  2.421544E-16
4881.95  2.293121E-16
4883.02  2.301359E-16
4884.09  2.456227E-16
4885.16  2.521960E-16
4886.23  2.690037E-16
4887.3  2.621061E-16
4888.37  2.328917E-16
4889.44  2.486033E-16
4890.51  2.819178E-16
4891.58  2.488026E-16
4892.65  2.491792E-16
4893.72  2.807139E-16
4894.79  2.881268E-16
4895.86  2.678243E-16
4896.93  2.343180E-16
4898.  2.402752E-16
4899.07  2.692079E-16
4900.14  2.652138E-16
4901.21  2.449426E-16
4902.28  2.654539E-16
4903.35  2.750666E-16
4904.42  2.509029E-16
4905.49  2.492512E-16
4906.56  2.524091E-16
4907.63  2.695632E-16
4908.7  2.894483E-16
4909.77  2.826417E-16
4910.84  2.809743E-16
4911.91  2.763571E-16
4912.98  2.920888E-16
4914.05  3.121678E-16
4915.12  3.153575E-16
4916.19  3.124576E-16
4917.26  3.052650E-16
4918.33  3.007754E-16
4919.4  2.777014E-16
4920.47  2.584988E-16
4921.54  2.673676E-16
4922.61  3.064326E-16
4923.68  3.007471E-16
4924.75  2.998173E-16
4925.82  3.035236E-16
4926.89  3.033471E-16
4927.96  2.971938E-16
4929.03  2.858901E-16
4930.1  2.875850E-16
4931.17  2.836750E-16
4932.24  2.675700E-16
4933.31  2.711448E-16
4934.38  2.892000E-16
4935.45  2.953383E-16
4936.52  2.960198E-16
4937.59  2.958796E-16
4938.66  2.858666E-16
4939.73  2.743997E-16
4940.8  2.973277E-16
4941.87  2.751609E-16
4942.94  2.747388E-16
4944.01  3.001945E-16
4945.08  3.066572E-16
4946.15  3.219369E-16
4947.22  3.032439E-16
4948.29  2.834955E-16
4949.36  2.796733E-16
4950.43  2.633679E-16
4951.5  2.774345E-16
4952.57  2.678341E-16
4953.64  2.835671E-16
4954.71  2.993860E-16
4955.78  2.755488E-16
4956.85  2.857623E-16
4957.92  2.987529E-16
4958.99  2.760136E-16
4960.06  2.782263E-16
4961.13  2.949526E-16
4962.2  2.782259E-16
4963.27  2.498082E-16
4964.34  2.666466E-16
4965.41  2.957252E-16
4966.48  2.947760E-16
4967.55  2.740778E-16
4968.62  2.594703E-16
4969.69  2.704653E-16
4970.76  2.630777E-16
4971.83  2.445005E-16
4972.9  2.514557E-16
4973.97  2.938430E-16
4975.04  2.939693E-16
4976.11  2.785650E-16
4977.18  2.789084E-16
4978.25  2.591365E-16
4979.32  2.815726E-16
4980.39  2.857640E-16
4981.46  2.922819E-16
4982.53  2.723725E-16
4983.6  2.531978E-16
4984.67  2.656747E-16
4985.74  2.836123E-16
4986.81  2.621115E-16
4987.88  2.780860E-16
4988.95  3.061501E-16
4990.02  2.920405E-16
4991.09  2.812126E-16
4992.16  2.840798E-16
4993.23  2.860442E-16
4994.3  2.806297E-16
4995.37  2.906015E-16
4996.44  2.722903E-16
4997.51  2.560671E-16
4998.58  2.547583E-16
4999.65  2.877906E-16
5000.72  2.886898E-16
5001.79  2.656082E-16
5002.86  2.616121E-16
5003.93  2.718975E-16
5005.  2.714081E-16
5006.07  2.586629E-16
5007.14  2.714179E-16
5008.21  2.914328E-16
5009.28  2.890858E-16
5010.35  3.089388E-16
5011.42  2.898330E-16
5012.49  2.822937E-16
5013.56  2.749496E-16
5014.63  2.676597E-16
5015.7  2.610147E-16
5016.77  2.732322E-16
5017.84  2.821195E-16
5018.91  2.926850E-16
5019.98  3.006484E-16
5021.05  2.782024E-16
5022.12  2.828429E-16
5023.19  3.075630E-16
5024.26  2.917848E-16
5025.33  2.772802E-16
5026.4  2.816876E-16
5027.47  2.855876E-16
5028.54  3.065744E-16
5029.61  3.019389E-16
5030.68  2.827354E-16
5031.75  2.813851E-16
5032.82  2.612454E-16
5033.89  2.561070E-16
5034.96  2.714308E-16
5036.03  2.796411E-16
5037.1  2.814799E-16
5038.17  2.747950E-16
5039.24  2.744443E-16
5040.31  2.660435E-16
5041.38  2.490073E-16
5042.45  2.418914E-16
5043.52  2.530983E-16
5044.59  2.735716E-16
5045.66  2.893638E-16
5046.73  2.607082E-16
5047.8  2.548754E-16
5048.87  2.689079E-16
5049.94  2.762406E-16
5051.01  2.539168E-16
5052.08  2.414661E-16
5053.15  2.353616E-16
5054.22  2.481405E-16
5055.29  2.666995E-16
5056.36  2.523290E-16
5057.43  2.514499E-16
5058.5  2.735464E-16
5059.57  2.544266E-16
5060.64  2.625188E-16
5061.71  2.806588E-16
5062.78  2.607144E-16
5063.85  2.612695E-16
5064.92  2.881251E-16
5065.99  2.937281E-16
5067.06  2.639605E-16
5068.13  2.668544E-16
5069.2  2.798660E-16
5070.27  2.678913E-16
5071.34  2.820755E-16
5072.41  2.825387E-16
5073.48  2.821406E-16
5074.55  2.689292E-16
5075.62  2.449715E-16
5076.69  2.555249E-16
5077.76  2.796251E-16
5078.83  2.649743E-16
5079.9  2.556965E-16
5080.97  2.831952E-16
5082.04  2.855036E-16
5083.11  3.038671E-16
5084.18  3.147019E-16
5085.25  2.906892E-16
5086.32  2.692395E-16
5087.39  2.657606E-16
5088.46  2.726704E-16
5089.53  2.847678E-16
5090.6  2.777795E-16
5091.67  2.719921E-16
5092.74  2.745293E-16
5093.81  2.739769E-16
5094.88  2.784424E-16
5095.95  2.773376E-16
5097.02  2.921950E-16
5098.09  2.933979E-16
5099.16  2.927508E-16
5100.23  3.007992E-16
5101.3  2.884515E-16
5102.37  2.569551E-16
5103.44  2.497057E-16
5104.51  2.847519E-16
5105.58  2.848620E-16
5106.65  2.627876E-16
5107.72  2.800426E-16
5108.79  2.771340E-16
5109.86  2.522629E-16
5110.93  2.494939E-16
5112.  2.517008E-16
5113.07  2.641801E-16
5114.14  2.677188E-16
5115.21  2.556368E-16
5116.28  2.521733E-16
5117.35  2.623215E-16
5118.42  2.663530E-16
5119.49  2.747645E-16
5120.56  2.538473E-16
5121.63  2.482547E-16
5122.7  2.820007E-16
5123.77  2.813136E-16
5124.84  2.524248E-16
5125.91  2.483361E-16
5126.98  2.357977E-16
5128.05  2.428490E-16
5129.12  2.574045E-16
5130.19  2.611983E-16
5131.26  2.615026E-16
5132.33  2.817913E-16
5133.4  2.773639E-16
5134.47  2.509403E-16
5135.54  2.507729E-16
5136.61  2.810647E-16
5137.68  2.712106E-16
5138.75  2.467209E-16
5139.82  2.593218E-16
5140.89  2.737789E-16
5141.96  2.519606E-16
5143.03  2.560602E-16
5144.1  2.411911E-16
5145.17  2.473122E-16
5146.24  2.990213E-16
5147.31  2.868021E-16
5148.38  2.821469E-16
5149.45  2.691932E-16
5150.52  2.683531E-16
5151.59  2.579425E-16
5152.66  2.529024E-16
5153.73  2.689520E-16
5154.8  2.705132E-16
5155.87  2.652453E-16
5156.94  2.627374E-16
5158.01  2.634628E-16
5159.08  2.502913E-16
5160.15  2.539181E-16
5161.22  2.554752E-16
5162.29  2.577601E-16
5163.36  2.680182E-16
5164.43  2.858855E-16
5165.5  2.846332E-16
5166.57  2.725208E-16
5167.64  2.517730E-16
5168.71  2.650999E-16
5169.78  2.564572E-16
5170.85  2.490691E-16
5171.92  2.478355E-16
5172.99  2.456287E-16
5174.06  2.413629E-16
5175.13  2.497783E-16
5176.2  2.806094E-16
5177.27  2.858963E-16
5178.34  2.898176E-16
5179.41  2.875171E-16
5180.48  2.757780E-16
5181.55  2.711996E-16
5182.62  2.520128E-16
5183.69  2.605886E-16
5184.76  2.975777E-16
5185.83  3.034553E-16
5186.9  2.673055E-16
5187.97  2.432713E-16
5189.04  2.647925E-16
5190.11  2.621995E-16
5191.18  2.458057E-16
5192.25  2.534881E-16
5193.32  2.544546E-16
5194.39  2.622120E-16
5195.46  2.525889E-16
5196.53  2.582036E-16
5197.6  2.862919E-16
5198.67  2.900287E-16
5199.74  2.700345E-16
5200.81  2.552153E-16
5201.88  2.869517E-16
5202.95  2.851752E-16
5204.02  2.477144E-16
5205.09  2.470228E-16
5206.16  2.683578E-16
5207.23  2.483254E-16
5208.3  2.342608E-16
5209.37  2.592902E-16
5210.44  2.791743E-16
5211.51  2.656951E-16
5212.58  2.664379E-16
5213.65  2.835832E-16
5214.72  2.919927E-16
5215.79  2.673424E-16
5216.86  2.632535E-16
5217.93  2.515197E-16
5219.  2.457982E-16
5220.07  2.590765E-16
5221.14  2.413275E-16
5222.21  2.462265E-16
5223.28  2.404679E-16
5224.35  2.233165E-16
5225.42  2.424689E-16
5226.49  2.502448E-16
5227.56  2.656093E-16
5228.63  2.931233E-16
5229.7  2.698761E-16
5230.77  2.702618E-16
5231.84  2.559528E-16
5232.91  2.503369E-16
5233.98  2.555981E-16
5235.05  2.718273E-16
5236.12  2.580314E-16
5237.19  2.297913E-16
5238.26  2.476742E-16
5239.33  2.690582E-16
5240.4  2.510215E-16
5241.47  2.388152E-16
5242.54  2.399682E-16
5243.61  2.437640E-16
5244.68  2.358210E-16
5245.75  2.208590E-16
5246.82  2.328260E-16
5247.89  2.498218E-16
5248.96  2.342749E-16
5250.03  2.273266E-16
5251.1  2.412931E-16
5252.17  2.529135E-16
5253.24  2.271611E-16
5254.31  2.421801E-16
5255.38  2.472991E-16
5256.45  2.040394E-16
5257.52  2.130912E-16
5258.59  2.292035E-16
5259.66  2.404134E-16
5260.73  2.393456E-16
5261.8  2.043450E-16
5262.87  2.167071E-16
5263.94  2.560675E-16
5265.01  2.593093E-16
5266.08  2.418466E-16
5267.15  2.461938E-16
5268.22  2.400190E-16
5269.29  2.286984E-16
5270.36  2.325343E-16
5271.43  2.257811E-16
5272.5  2.256178E-16
5273.57  2.243276E-16
5274.64  2.170477E-16
5275.71  2.178484E-16
5276.78  2.212918E-16
5277.85  2.268654E-16
5278.92  2.339855E-16
5279.99  2.397591E-16
5281.06  2.261643E-16
5282.13  2.221238E-16
5283.2  2.482745E-16
5284.27  2.255488E-16
5285.34  2.172930E-16
5286.41  2.598952E-16
5287.48  2.537011E-16
5288.55  2.575552E-16
5289.62  2.419109E-16
5290.69  1.947464E-16
5291.76  2.466847E-16
5292.83  2.653167E-16
5293.9  2.332357E-16
5294.97  2.334368E-16
5296.04  2.316231E-16
5297.11  2.380910E-16
5298.18  2.510961E-16
5299.25  2.514681E-16
5300.32  2.403525E-16
5301.39  2.336874E-16
5302.46  2.376845E-16
5303.53  2.384109E-16
5304.6  2.284995E-16
5305.67  2.258949E-16
5306.74  2.562908E-16
5307.81  2.464339E-16
5308.88  2.356117E-16
5309.95  2.628721E-16
5311.02  2.466535E-16
5312.09  2.479844E-16
5313.16  2.268777E-16
5314.23  2.167526E-16
5315.3  2.015276E-16
5316.37  2.296642E-16
5317.44  2.429451E-16
5318.51  2.373301E-16
5319.58  2.218641E-16
5320.65  2.360499E-16
5321.72  2.300715E-16
5322.79  2.318073E-16
5323.86  2.459174E-16
5324.93  2.395616E-16
5326.  2.202753E-16
5327.07  2.343372E-16
5328.14  2.406272E-16
5329.21  2.172223E-16
5330.28  2.138493E-16
5331.35  2.371953E-16
5332.42  2.418597E-16
5333.49  2.088406E-16
5334.56  2.012471E-16
5335.63  2.248619E-16
5336.7  2.570706E-16
5337.77  2.510461E-16
5338.84  2.630458E-16
5339.91  2.823743E-16
5340.98  2.807383E-16
5342.05  2.572929E-16
5343.12  2.492448E-16
5344.19  2.317729E-16
5345.26  2.284448E-16
5346.33  2.648998E-16
5347.4  2.635677E-16
5348.47  2.139163E-16
5349.54  2.344285E-16
5350.61  2.741579E-16
5351.68  2.458810E-16
5352.75  2.311771E-16
5353.82  2.171270E-16
5354.89  2.308571E-16
5355.96  2.464997E-16
5357.03  2.419263E-16
5358.1  2.853644E-16
5359.17  2.564944E-16
5360.24  2.339607E-16
5361.31  2.638408E-16
5362.38  2.752882E-16
5363.45  2.721695E-16
5364.52  2.781886E-16
5365.59  2.945536E-16
5366.66  2.659838E-16
5367.73  2.630297E-16
5368.8  2.457335E-16
5369.87  2.297280E-16
5370.94  2.507934E-16
5372.01  2.368496E-16
5373.08  2.217953E-16
5374.15  2.410046E-16
5375.22  2.621019E-16
5376.29  2.962251E-16
5377.36  2.934107E-16
5378.43  2.601843E-16
5379.5  2.418315E-16
5380.57  2.368399E-16
5381.64  2.397291E-16
5382.71  2.410537E-16
5383.78  2.438061E-16
5384.85  2.199537E-16
5385.92  2.368294E-16
5386.99  2.588952E-16
5388.06  2.469250E-16
5389.13  2.614913E-16
5390.2  2.648079E-16
5391.27  2.679393E-16
5392.34  2.535352E-16
5393.41  2.525790E-16
5394.48  2.604548E-16
5395.55  2.259624E-16
5396.62  2.452804E-16
5397.69  2.653094E-16
5398.76  2.237051E-16
5399.83  2.116483E-16
5400.9  2.262232E-16
5401.97  2.480655E-16
5403.04  2.233801E-16
5404.11  2.378568E-16
5405.18  2.383033E-16
5406.25  2.049335E-16
5407.32  2.311950E-16
5408.39  2.768133E-16
5409.46  2.470545E-16
5410.53  2.336152E-16
5411.6  2.272205E-16
5412.67  2.086078E-16
5413.74  2.593664E-16
5414.81  2.643540E-16
5415.88  2.030866E-16
5416.95  1.907305E-16
5418.02  2.095047E-16
5419.09  2.147160E-16
5420.16  2.250613E-16
5421.23  2.144593E-16
5422.3  2.345183E-16
5423.37  2.386997E-16
5424.44  2.701818E-16
5425.51  2.378537E-16
5426.58  2.224259E-16
5427.65  2.413540E-16
5428.72  2.108077E-16
5429.79  1.697359E-16
5430.86  2.083404E-16
5431.93  2.498397E-16
5433.  2.887613E-16
5434.07  2.822621E-16
5435.14  2.421824E-16
5436.21  2.200522E-16
5437.28  2.312340E-16
5438.35  2.428312E-16
5439.42  1.999868E-16
5440.49  1.811051E-16
5441.56  2.192652E-16
5442.63  2.004947E-16
5443.7  2.051215E-16
5444.77  2.331347E-16
5445.84  2.380636E-16
5446.91  2.257960E-16
5447.98  2.104588E-16
5449.05  2.384649E-16
5450.12  2.284871E-16
5451.19  1.947044E-16
5452.26  1.931321E-16
5453.33  2.661274E-16
5454.4  2.615353E-16
5455.47  2.286725E-16
5456.54  2.264291E-16
5457.61  2.123053E-16
5458.68  2.265396E-16
5459.75  2.739757E-16
5460.82  2.420275E-16
5461.89  2.562699E-16
5462.96  2.591057E-16
5464.03  2.798433E-16
5465.1  2.341313E-16
5466.17  2.169573E-16
5467.24  2.313857E-16
5468.31  2.237472E-16
5469.38  1.714120E-16
5470.45  2.014691E-16
5471.52  2.203838E-16
5472.59  1.837475E-16
5473.66  1.935163E-16
5474.73  2.442663E-16
5475.8  2.104368E-16
5476.87  1.748208E-16
5477.94  2.645490E-16
5479.01  2.350774E-16
5480.08  2.179106E-16
5481.15  2.107545E-16
5482.22  2.236561E-16
5483.29  2.094057E-16
5484.36  2.529867E-16
5485.43  2.721030E-16
5486.5  2.512221E-16
5487.57  2.710675E-16
5488.64  2.266310E-16
5489.71  2.300476E-16
5490.78  2.454968E-16
5491.85  2.238714E-16
5492.92  2.108218E-16
5493.99  2.303249E-16
5495.06  2.339875E-16
5496.13  2.102131E-16
5497.2  2.098535E-16
5498.27  2.429270E-16
5499.34  2.239095E-16
5500.41  2.405245E-16
5501.48  2.742750E-16
5502.55  2.846337E-16
5503.62  2.201522E-16
5504.69  2.159229E-16
5505.76  2.676775E-16
5506.83  2.327045E-16
5507.9  2.329383E-16
5508.97  2.675206E-16
5510.04  2.694907E-16
5511.11  2.375454E-16
5512.18  2.227567E-16
5513.25  2.440196E-16
5514.32  2.690638E-16
5515.39  3.160606E-16
5516.46  2.732448E-16
5517.53  2.130247E-16
5518.6  2.577932E-16
5519.67  2.843622E-16
5520.74  2.683246E-16
5521.81  2.360706E-16
5522.88  2.956209E-16
5523.95  2.769335E-16
5525.02  1.959050E-16
5526.09  2.269679E-16
5527.16  2.349629E-16
5528.23  2.288672E-16
5529.3  2.285397E-16
5530.37  2.879753E-16
5531.44  3.308908E-16
5532.51  3.128642E-16
5533.58  2.769752E-16
5534.65  1.734100E-16
5535.72  2.550307E-16
5536.79  3.332618E-16
5537.86  2.600295E-16
5538.93  2.813460E-16
5540.  3.227841E-16
5541.07  2.938497E-16
5542.14  3.033175E-16
5543.21  2.802835E-16
5544.28  2.892445E-16
5545.35  2.883965E-16
5546.42  2.305231E-16
5547.49  2.422884E-16
5548.56  2.936314E-16
5549.63  3.266781E-16
5550.7  3.090656E-16
5551.77  3.156629E-16
5552.84  3.431593E-16
5553.91  2.834422E-16
5554.98  2.625129E-16
5556.05  2.830087E-16
5557.12  2.556523E-16
5558.19  2.569902E-16
5559.26  2.429320E-16
5560.33  2.398400E-16
5561.4  1.993018E-16
5562.47  2.159199E-16
5563.54  2.926965E-16
5564.61  2.387908E-16
5565.68  2.460308E-16
5566.75  2.494648E-16
5567.82  2.441560E-16
5568.89  2.707194E-16
5569.96  1.795135E-16
5571.03  2.015607E-16
5572.1  2.699568E-16
5573.17  2.797330E-16
5574.24  2.920974E-16
5575.31  2.985637E-16
5576.38  3.909625E-16
5577.45  4.276938E-16
5578.52  2.717279E-16
5579.59  1.301149E-16
5580.66  2.509006E-16
5581.73  3.560445E-16
5582.8  2.599686E-16
5583.87  1.611327E-16
5584.94  1.755226E-16
5586.01  2.299776E-16
5587.08  2.076875E-16
5588.15  2.110299E-16
5589.22  1.667645E-16
5590.29  1.427612E-16
5591.36  2.340983E-16
5592.43  2.456432E-16
5593.5  2.291636E-16
5594.57  2.120220E-16
5595.64  2.990660E-16
5596.71  2.488168E-16
5597.78  2.051530E-16
5598.85  2.531274E-16
5599.92  2.888629E-16
5600.99  1.703078E-16
5602.06  2.301402E-16
5603.13  2.787291E-16
5604.2  2.091058E-16
5605.27  2.536727E-16
5606.34  2.099062E-16
5607.41  1.647573E-16
5608.48  1.456460E-16
5609.55  1.732248E-16
5610.62  1.970796E-16
5611.69  3.145334E-16
5612.76  2.200225E-16
5613.83  1.817352E-16
5614.9  2.925249E-16
5615.97  2.230219E-16
5617.04  1.384119E-16
5618.11  1.758370E-16
5619.18  3.216436E-16
5620.25  2.712940E-16
5621.32  1.429435E-16
5622.39  1.904105E-16
5623.46  2.168269E-16
5624.53  2.608611E-16
5625.6  3.368198E-16
5626.67  2.566172E-16
5627.74  1.897067E-16
5628.81  9.932332E-17
5629.88  1.388832E-16
5630.95  1.064801E-16
5632.02  1.912016E-16
5633.09  1.857576E-16
5634.16  1.695542E-16
5635.23  1.446101E-16
5636.3  1.172271E-16
5637.37  1.774775E-16
5638.44  2.535866E-16
5639.51  2.620243E-16
5640.58  2.075812E-16
5641.65  2.042363E-16
5642.72  2.756625E-16
5643.79  3.569291E-16
5644.86  2.317770E-16
5645.93  2.824131E-16
5647.  4.366723E-16
5648.07  3.585917E-16
5649.14  1.888949E-16
5650.21  2.514150E-16
5651.28  5.348270E-16
5652.35  1.749235E-16
5653.42  1.666443E-16
5654.49  4.555088E-16
5655.56  4.717541E-16
5656.63  3.660572E-16
5657.7  3.424344E-16
5658.77  2.770955E-16
5659.84  1.552664E-16
5660.91  2.744936E-16
5661.98  4.265818E-16
5663.05  2.883329E-16
5664.12  2.359978E-16
5665.19  2.631804E-16
5666.26  3.700729E-16
5667.33  5.387662E-16
5668.4  5.128894E-16
5669.47  5.640992E-16
5670.54  2.563133E-16
5671.61  4.593804E-16
5672.68  7.708459E-16
5673.75  2.779301E-16
5674.82  1.995064E-16
5675.89  4.939113E-16
5676.96  4.135125E-16
5678.03  5.138142E-16
5679.1  3.443229E-16
5680.17  1.545733E-16
5681.24  4.983906E-16
5682.31  6.218149E-16
5683.38  1.953883E-16
5684.45  3.892237E-16
5685.52  6.750823E-16
5686.59  4.721025E-16
5687.66  5.929996E-16
5688.73  8.906342E-16
5689.8  4.925357E-16
5690.87  2.636043E-17
5691.94  3.777028E-16
5693.01  3.863959E-16
5694.08  1.250932E-15
5695.15  1.116422E-15
5696.22  -3.584477E-17
5697.29  5.856352E-16
5698.36  1.212675E-15
5699.43  2.617644E-16
5700.5  3.863145E-16
