2458197.9311000002 -0.0450000000 0.0270000000
2458197.9544099998 -0.0270000000 0.0270000000
2458197.9706199998 -0.0100000000 0.0280000000
2458198.9235499999 -0.0510000000 0.0270000000
2458198.9434400001 0.0270000000 0.0280000000
2458198.9715900002 -0.0660000000 0.0270000000
2458198.9878500002 -0.0030000000 0.0280000000
2458199.0124700000 -0.0270000000 0.0270000000
2458199.0133900000 0.0080000000 0.0280000000
2458199.0338099999 0.0060000000 0.0280000000
2458199.0347400000 -0.0500000000 0.0270000000
2458203.8735600002 0.0580000000 0.0240000000
2458204.9305599998 -0.1010000000 0.0220000000
2458204.9521900001 -0.0380000000 0.0230000000
2458204.9768099999 -0.0440000000 0.0230000000
2458204.9806100000 -0.0080000000 0.0240000000
2458204.9815300000 -0.0080000000 0.0240000000
2458205.0170999998 -0.0110000000 0.0220000000
2458205.0180299999 -0.0440000000 0.0230000000
2458205.9096200000 0.1060000000 0.0250000000
2458205.9468800002 -0.0640000000 0.0230000000
2458205.9770200001 0.0080000000 0.0240000000
2458205.9959700000 0.0180000000 0.0240000000
2458206.0183600001 0.0320000000 0.0240000000
2458206.9263499998 -0.0150000000 0.0230000000
2458206.9726000000 -0.0230000000 0.0230000000
2458206.9976599999 -0.0370000000 0.0230000000
2458207.0171099999 -0.0240000000 0.0230000000
2458207.9227000000 -0.0670000000 0.0230000000
2458207.9236300001 -0.0170000000 0.0230000000
2458207.9537800001 0.0040000000 0.0240000000
2458207.9547000001 0.0450000000 0.0230000000
2458207.9594399999 -0.0490000000 0.0230000000
2458207.9603700000 -0.0160000000 0.0230000000
2458207.9948399998 0.0990000000 0.0240000000
2458207.9957699999 0.0560000000 0.0240000000
2458208.0150299999 -0.0220000000 0.0230000000
2458208.9303400000 0.0510000000 0.0240000000
2458208.9779800000 0.0710000000 0.0250000000
2458208.9927900000 0.0250000000 0.0240000000
2458209.0132300002 0.0000000000 0.0240000000
2458209.0213100002 0.0410000000 0.0240000000
2458209.9552799999 -0.0270000000 0.0230000000
2458209.9720399999 -0.0110000000 0.0240000000
2458209.9969500001 0.2640000000 0.0270000000
2458210.9005399998 -0.0340000000 0.0230000000
2458210.9513200000 -0.0580000000 0.0230000000
2458210.9702599999 0.0880000000 0.0230000000
2458210.9711900000 0.0010000000 0.0240000000
2458210.9721100000 -0.0260000000 0.0230000000
2458210.9821199998 -0.0030000000 0.0220000000
2458210.9928600001 -0.0140000000 0.0230000000
2458211.0008999999 0.0170000000 0.0240000000
2458211.0184700000 -0.0350000000 0.0230000000
2458211.9038800001 -0.0090000000 0.0240000000
2458211.9267099998 0.0820000000 0.0250000000
2458211.9507700000 0.0220000000 0.0240000000
2458211.9970300002 -0.0370000000 0.0230000000
2458212.0022300002 0.0920000000 0.0250000000
2458216.8897899999 0.0210000000 0.0280000000
2458216.9985699998 -0.0105000000 0.0320000000
2458217.0010299999 0.1160000000 0.0300000000
2458217.0197399999 -0.0450000000 0.0270000000
2458217.9134600000 0.0260000000 0.0280000000
2458217.9207500000 0.0230000000 0.0280000000
2458217.9420699999 -0.0400000000 0.0270000000
2458217.9762800001 0.1840000000 0.0310000000
2458217.9971799999 0.0080000000 0.0280000000
2458218.9198500002 0.0000000000 0.0280000000
2458219.9297600002 0.0660000000 0.0290000000
2458219.9834300000 0.0650000000 0.0290000000
2458219.9839200000 -0.0265000000 0.0310000000
2458220.0030700001 0.0100000000 0.0280000000
2458220.0035600001 -0.0645000000 0.0310000000
2458222.9635100001 0.0465000000 0.0330000000
2458222.9982500002 -0.0595000000 0.0310000000
2458227.8628600002 0.0300000000 0.0240000000
2458228.9751800001 0.0300000000 0.0240000000
2458228.9915000000 0.0080000000 0.0220000000
2458230.8826199998 0.0490000000 0.0240000000
2458230.9081199998 -0.0350000000 0.0230000000
2458230.9279700001 -0.0310000000 0.0270000000
2458230.9484000001 -0.0510000000 0.0270000000
2458230.9872800000 0.0650000000 0.0240000000
2458231.7999100001 0.0000000000 0.0280000000
2458231.9026400000 0.0280000000 0.0240000000
2458231.9264600002 -0.0050000000 0.0240000000
2458231.9453500002 0.0120000000 0.0230000000
2458231.9462700002 -0.0190000000 0.0230000000
2458231.9472099999 0.0510000000 0.0240000000
2458231.9654500000 0.0150000000 0.0240000000
2458231.9663800001 0.0230000000 0.0240000000
2458231.9903400000 0.0990000000 0.0240000000
2458231.9922600002 0.0140000000 0.0240000000
2458234.8709900002 -0.0250000000 0.0230000000
2458234.9264500001 0.0440000000 0.0240000000
2458234.9494900000 0.0500000000 0.0240000000
2458234.9699700000 0.0100000000 0.0230000000
2458234.9704600000 0.0190000000 0.0240000000
2458234.9714000002 0.0000000000 0.0240000000
2458234.9910900001 0.0130000000 0.0230000000
2458234.9920100002 0.0330000000 0.0240000000
2458234.9929499999 0.1230000000 0.0250000000
2458235.8859600001 -0.0590000000 0.0230000000
2458235.9074200001 -0.0170000000 0.0230000000
2458235.9285499998 -0.0420000000 0.0230000000
2458235.9559999998 -0.0150000000 0.0230000000
2458235.9654540992 0.3746919278 0.0375054660
2458235.9656300000 0.3870000000 0.0290000000
2458235.9924200000 0.0020000000 0.0240000000
2458236.8010000000 0.0370000000 0.0240000000
2458236.8814599998 0.0390000000 0.0240000000
2458236.9073999999 0.0130000000 0.0240000000
2458236.9257000000 0.0360000000 0.0240000000
2458236.9791999999 0.0110000000 0.0240000000
2458236.9944699998 0.1940000000 0.0260000000
2458237.8493700000 0.0070000000 0.0240000000
2458237.8621100001 -0.0540000000 0.0230000000
2458237.8903999999 -0.0410000000 0.0230000000
2458237.8913300000 -0.0290000000 0.0230000000
2458237.8947899998 -0.0620000000 0.0220000000
2458237.9426600002 -0.0580000000 0.0230000000
2458237.9775800002 -0.0620000000 0.0230000000
2458237.9893999998 0.0860000000 0.0230000000
2458237.9912500000 0.0420000000 0.0240000000
2458237.9921700000 -0.0260000000 0.0230000000
2458242.8415000001 0.0070000000 0.0280000000
2458242.8626100002 0.0000000000 0.0280000000
2458242.9168600002 -0.0530000000 0.0230000000
2458242.9357599998 -0.0410000000 0.0230000000
2458242.9554200000 -0.0360000000 0.0230000000
2458242.9563500001 -0.0510000000 0.0230000000
2458242.9881600002 -0.0015000000 0.0500000000
2458244.8686000002 0.1110000000 0.0300000000
2458244.9292100002 0.0060000000 0.0240000000
2458244.9432199998 -0.0030000000 0.0240000000
2458244.9679700001 -0.0020000000 0.0280000000
2458244.9894200000 0.0230000000 0.0280000000
2458246.7809899999 -0.0135000000 0.0490000000
2458246.8669599998 0.0010000000 0.0240000000
2458246.9093399998 0.0000000000 0.0280000000
2458246.9275900000 -0.0220000000 0.0270000000
2458246.9469499998 0.0600000000 0.0290000000
2458246.9755000002 0.0670000000 0.0250000000
2458246.9874999998 0.0200000000 0.0240000000
2458249.8651399999 0.0250000000 0.0240000000
2458249.8909800001 0.0450000000 0.0240000000
2458249.9048400000 0.0100000000 0.0280000000
2458249.9281100002 -0.0590000000 0.0270000000
2458249.9505154765 0.4590015402 0.0570283165
2458249.9506899999 0.3850000000 0.0360000000
2458249.9641000000 0.0250000000 0.0280000000
2458252.8844300001 -0.0060000000 0.0280000000
2458252.9089799998 -0.0080000000 0.0280000000
2458252.9433499998 0.0040000000 0.0220000000
2458252.9438299998 0.0060000000 0.0240000000
2458252.9461500002 0.0120000000 0.0240000000
2458252.9743200000 -0.0070000000 0.0240000000
2458252.9903699998 0.0095000000 0.0320000000
2458252.9908599998 0.0130000000 0.0280000000
2458252.9917700002 -0.0210000000 0.0270000000
2458254.9164600000 -0.0160000000 0.0230000000
2458254.9328299998 -0.0070000000 0.0240000000
2458254.9508799999 0.0070000000 0.0240000000
2458254.9730099998 0.0110000000 0.0280000000
2458255.8287399998 -0.0140000000 0.0280000000
2458255.8835300002 0.0190000000 0.0240000000
2458255.9082100000 -0.0110000000 0.0240000000
2458255.9105400001 0.0460000000 0.0240000000
2458255.9376200000 0.0080000000 0.0220000000
2458255.9381100000 0.0080000000 0.0240000000
2458255.9484299999 -0.0110000000 0.0280000000
2458255.9735400002 0.0215000000 0.0320000000
2458255.9740200001 0.0100000000 0.0280000000
2458255.9749400001 -0.0410000000 0.0270000000
2458255.9892099998 -0.1495000000 0.0450000000
2458256.9313400001 0.0470000000 0.0290000000
2458256.9495399999 0.0410000000 0.0290000000
2458256.9748499999 -0.0050000000 0.0280000000
2458257.8479300002 -0.0230000000 0.0270000000
2458257.8911600001 0.0090000000 0.0280000000
2458257.9095700001 -0.0280000000 0.0270000000
2458257.9292700002 0.0230000000 0.0280000000
2458257.9494800000 -0.0160000000 0.0280000000
2458257.9772700001 -0.0060000000 0.0280000000
2458258.8445299999 -0.0130000000 0.0230000000
2458258.8684100001 -0.0120000000 0.0240000000
2458258.9004400000 0.0800000000 0.0290000000
2458258.9306700001 0.1380000000 0.0300000000
2458258.9315800001 -0.0270000000 0.0270000000
2458258.9502900001 0.0610000000 0.0290000000
2458258.9512100001 0.0765000000 0.0330000000
2458258.9668500000 0.0540000000 0.0240000000
2458258.9686799999 0.0160000000 0.0240000000
2458258.9696300002 0.0130000000 0.0230000000
2458259.9387099999 0.0130000000 0.0240000000
2458259.9520899998 0.0190000000 0.0280000000
2458261.7819599998 -0.0625000000 0.0480000000
2458261.9380999999 0.0080000000 0.0240000000
2458261.9550399999 -0.0120000000 0.0240000000
2458261.9559499999 0.0020000000 0.0240000000
2458261.9573499998 -0.0100000000 0.0220000000
2458261.9582600002 0.0240000000 0.0230000000
2458262.8300600001 0.0150000000 0.0280000000
2458262.8669900000 -0.0170000000 0.0270000000
2458262.8908400000 0.0385000000 0.0330000000
2458262.8936800002 0.0310000000 0.0280000000
2458262.9147800002 0.0150000000 0.0240000000
2458262.9244300001 0.0390000000 0.0240000000
2458262.9501899998 0.0490000000 0.0230000000
2458262.9520700001 -0.0060000000 0.0240000000
2458263.8077300000 -0.0080000000 0.0240000000
2458263.8859399999 0.0270000000 0.0280000000
2458263.9113200000 0.0350000000 0.0280000000
2458263.9314600001 -0.0565000000 0.0310000000
2458263.9333100002 0.0370000000 0.0280000000
2458263.9500199999 0.1200000000 0.0240000000
2458263.9519099998 0.0270000000 0.0240000000
2458263.9748700000 0.0150000000 0.0240000000
2458266.8187799999 -0.0190000000 0.0270000000
2458266.8499599998 -0.0410000000 0.0270000000
2458266.8513600002 -0.0555000000 0.0310000000
2458266.8538600001 0.2215000000 0.0370000000
2458266.8676300002 0.2480000000 0.0330000000
2458266.8700500000 -0.0250000000 0.0270000000
2458266.9307599999 0.0200000000 0.0240000000
2458266.9547100002 0.0160000000 0.0240000000
2458266.9732499998 0.0100000000 0.0230000000
2458266.9750799998 0.0640000000 0.0230000000
2458266.9760099999 0.0260000000 0.0240000000
2458266.9769199998 -0.0420000000 0.0230000000
2458267.7673700000 -0.0395000000 0.0480000000
2458267.8849800001 -0.0590000000 0.0270000000
2458267.9753200002 -0.0250000000 0.0230000000
2458268.8823899999 -0.0500000000 0.0270000000
2458268.8847500002 -0.0185000000 0.0310000000
2458268.8852200001 -0.0255000000 0.0310000000
2458268.9016300002 0.0240000000 0.0280000000
2458268.9293000000 -0.0395000000 0.0310000000
2458268.9302300001 -0.0150000000 0.0280000000
2458268.9743700000 0.1010000000 0.0240000000
2458268.9762300001 0.0460000000 0.0240000000
2458269.8005300001 0.3260000000 0.0280000000
2458269.8014400001 0.0180000000 0.0240000000
2458269.8234700002 0.0040000000 0.0220000000
2458269.8243800001 -0.0680000000 0.0220000000
2458269.8248700001 0.0580000000 0.0240000000
2458269.8743799999 0.0120000000 0.0280000000
2458269.8864400000 0.0300000000 0.0280000000
2458269.8873600001 -0.0010000000 0.0280000000
2458269.9052200001 0.0045000000 0.0320000000
2458269.9081299999 -0.0200000000 0.0270000000
2458269.9090600000 0.0525000000 0.0330000000
2458269.9439099999 -0.0740000000 0.0230000000
2458270.8655300001 -0.0255000000 0.0310000000
2458270.8668900002 0.0325000000 0.0320000000
2458270.8994399998 0.0845000000 0.0340000000
2458270.9519400001 0.0610000000 0.0230000000
2458271.9208399998 -0.0135000000 0.0310000000
2458271.9655399998 -0.0090000000 0.0220000000
2458272.8290900001 -0.0030000000 0.0280000000
2458272.8732099999 0.0385000000 0.0510000000
2458272.8924599998 -0.0090000000 0.0240000000
2458272.8947700001 -0.0090000000 0.0240000000
2458272.9093999998 -0.0180000000 0.0220000000
2458272.9103700002 -0.0300000000 0.0220000000
2458272.9122299999 0.0180000000 0.0240000000
2458272.9362900001 0.0160000000 0.0240000000
2458272.9527099999 0.0010000000 0.0280000000
2458272.9536299999 -0.0430000000 0.0270000000
2458272.9541300000 -0.0105000000 0.0320000000
2458272.9550399999 -0.0155000000 0.0310000000
2458272.9702300001 -0.0100000000 0.0280000000
2458273.9516900000 0.0210000000 0.0230000000
2458274.8018800002 -0.0210000000 0.0270000000
2458274.8281999999 -0.0210000000 0.0270000000
2458274.8286899999 -0.0005000000 0.0320000000
2458274.8432900002 -0.0050000000 0.0280000000
2458274.8881399999 -0.0110000000 0.0240000000
2458274.9050599998 -0.0050000000 0.0220000000
2458274.9059799998 0.0260000000 0.0240000000
2458274.9228900000 0.0170000000 0.0240000000
2458275.8752000001 -0.0080000000 0.0280000000
2458275.8938300000 0.0040000000 0.0280000000
2458275.9140800000 -0.0210000000 0.0270000000
2458275.9150000000 0.0040000000 0.0280000000
2458276.8536999999 -0.0390000000 0.0230000000
2458276.8703100001 -0.0240000000 0.0230000000
2458276.8707900001 0.0090000000 0.0220000000
2458276.8884700001 0.0040000000 0.0240000000
2458276.9284999999 0.0315000000 0.0320000000
2458276.9290000000 -0.0130000000 0.0280000000
2458276.9579500002 0.0070000000 0.0280000000
2458276.9709800002 -0.0200000000 0.0270000000
2458277.8091899999 -0.0125000000 0.0490000000
2458277.8210800001 -0.0020000000 0.0240000000
2458277.8507800000 0.0030000000 0.0240000000
2458277.8679900002 -0.0010000000 0.0240000000
2458277.8684700001 0.0150000000 0.0230000000
2458277.8908400000 0.0040000000 0.0280000000
2458277.8917600000 0.0385000000 0.0330000000
2458277.9053600002 0.0030000000 0.0280000000
2458277.9362200000 -0.0290000000 0.0270000000
2458278.8028099998 0.0580000000 0.0290000000
2458278.8288099999 0.0290000000 0.0280000000
2458278.8297199998 -0.0080000000 0.0280000000
2458278.8744899998 -0.0500000000 0.0230000000
2458278.8827999998 -0.0050000000 0.0220000000
2458278.8837400000 -0.0020000000 0.0220000000
2458278.8851399999 -0.0040000000 0.0240000000
2458278.8860499999 0.0090000000 0.0240000000
2458278.9030700000 -0.0130000000 0.0230000000
2458278.9542000000 -0.0195000000 0.0310000000
2458278.9560300000 0.0075000000 0.0320000000
2458278.9565200000 -0.0010000000 0.0280000000
2458279.8312100000 -0.0060000000 0.0240000000
2458279.8513699998 -0.0220000000 0.0230000000
2458279.8675500001 -0.0170000000 0.0230000000
2458279.8686099998 -0.0190000000 0.0220000000
2458279.8943352718 0.3659707779 0.0482702864
2458279.8945100000 0.4200000000 0.0370000000
2458279.9125000001 0.0055000000 0.0320000000
2458279.9134200001 -0.0310000000 0.0270000000
2458280.8289000001 0.0100000000 0.0280000000
2458280.8462299998 -0.0190000000 0.0270000000
2458280.8669699999 0.1325000000 0.0350000000
2458280.8683799999 0.0230000000 0.0280000000
2458280.9070400000 -0.0250000000 0.0230000000
2458280.9079700001 -0.0010000000 0.0220000000
2458280.9327900000 0.0270000000 0.0240000000
2458280.9590900000 -0.0070000000 0.0240000000
2458281.8082099999 -0.0245000000 0.0490000000
2458281.8340500002 0.0150000000 0.0280000000
2458281.8396499939 0.4599407876 0.0475510739
2458281.8398199999 0.3990000000 0.0360000000
2458281.8658500002 0.0090000000 0.0280000000
2458281.8675788236 0.2738700234 0.0402330344
2458281.8677500002 0.2720000000 0.0330000000
2458281.8939600000 -0.0180000000 0.0230000000
2458281.8948800000 0.0000000000 0.0240000000
2458281.9092100002 -0.0350000000 0.0220000000
2458281.9101300002 0.1430000000 0.0240000000
2458281.9129499998 -0.0210000000 0.0230000000
2458281.9381700000 0.0870000000 0.0250000000
2458281.9583899998 0.0055000000 0.0320000000
2458281.9593099998 -0.0035000000 0.0320000000
2458282.8280600002 -0.0170000000 0.0270000000
2458282.8493700000 -0.0080000000 0.0280000000
2458282.8751400001 -0.0230000000 0.0230000000
2458282.8900500000 0.0050000000 0.0240000000
2458282.8914500000 -0.0080000000 0.0220000000
2458282.9122299999 -0.0030000000 0.0240000000
2458282.9484399999 0.0220000000 0.0280000000
2458282.9498600001 0.0475000000 0.0330000000
2458283.8084399998 -0.0010000000 0.0240000000
2458283.8519899999 0.0180000000 0.0280000000
2458283.8630700000 -0.0190000000 0.0270000000
2458283.8949199999 0.0205000000 0.0320000000
2458283.8958500000 -0.0320000000 0.0270000000
2458283.9079399998 -0.0090000000 0.0220000000
2458283.9093300002 -0.0330000000 0.0230000000
2458283.9334499999 0.0020000000 0.0240000000
2458284.8481200002 0.0195000000 0.0320000000
2458284.8486100002 0.0410000000 0.0290000000
2458284.8536899998 0.0320000000 0.0280000000
2458284.8546000002 0.0305000000 0.0320000000
2458284.8753900002 0.0030000000 0.0240000000
2458284.8763100002 -0.0070000000 0.0240000000
2458284.8887900002 -0.0070000000 0.0240000000
2458284.8906899998 0.0070000000 0.0220000000
2458284.8916000002 0.0030000000 0.0220000000
2458285.8186900001 0.0020000000 0.0280000000
2458285.8871100000 -0.0050000000 0.0280000000
2458285.9168300000 0.0060000000 0.0280000000
2458285.9252200001 0.0130000000 0.0240000000
2458285.9566455539 0.1219630580 0.0231967641
2458285.9568200000 0.1380000000 0.0250000000
2458285.9702800000 0.1715000000 0.0570000000
2458286.8100899998 0.0000000000 0.0280000000
2458286.8317100001 -0.0380000000 0.0270000000
2458286.9173200000 0.0050000000 0.0240000000
2458286.9271700000 0.0060000000 0.0240000000
2458286.9590400001 0.0040000000 0.0240000000
2458287.8248600001 -0.0090000000 0.0280000000
2458287.8271800000 0.0180000000 0.0280000000
2458287.9124300000 -0.0070000000 0.0220000000
2458287.9133500000 0.0180000000 0.0240000000
2458287.9387900000 0.0420000000 0.0240000000
2458287.9547999999 0.0295000000 0.0320000000
2458287.9557200000 0.0040000000 0.0280000000
2458288.8117200001 -0.0080000000 0.0280000000
2458288.8261299999 0.0120000000 0.0280000000
2458288.8653299999 -0.0080000000 0.0240000000
2458288.8938400000 0.0020000000 0.0240000000
2458288.9062899998 -0.0080000000 0.0240000000
2458288.9512200002 -0.0120000000 0.0280000000
2458289.7647199999 0.0400000000 0.0290000000
2458289.8341999999 0.0240000000 0.0280000000
2458289.8463499998 -0.0235000000 0.0490000000
2458289.8722100002 0.0110000000 0.0240000000
2458289.8908699998 -0.0220000000 0.0230000000
2458289.9074400002 0.0140000000 0.0240000000
2458289.9482300002 -0.0070000000 0.0280000000
2458290.8545300001 0.0030000000 0.0280000000
2458290.8607100002 0.0200000000 0.0280000000
2458290.8616200001 -0.0280000000 0.0270000000
2458290.8918499998 0.0045000000 0.0320000000
2458290.8932599998 0.0190000000 0.0280000000
2458290.9135900000 0.0020000000 0.0240000000
2458290.9145100000 0.0000000000 0.0240000000
2458290.9177600001 -0.0120000000 0.0220000000
2458290.9338300000 0.0390000000 0.0240000000
2458290.9587200000 0.0200000000 0.0240000000
2458291.7874099999 -0.0180000000 0.0270000000
2458291.8091000002 0.0090000000 0.0280000000
2458291.8270999999 0.0270000000 0.0280000000
2458291.8459299998 0.0060000000 0.0240000000
2458291.9307599999 -0.0190000000 0.0230000000
2458292.7792793531 0.1946801317 0.0355983556
2458292.7794499998 0.1890000000 0.0320000000
2458292.8067899998 0.0430000000 0.0290000000
2458292.8254300002 0.0090000000 0.0280000000
2458292.9310800000 -0.0020000000 0.0240000000
2458292.9589700000 -0.0020000000 0.0240000000
2458293.7800699999 0.0140000000 0.0280000000
2458293.8067399999 -0.0200000000 0.0270000000
2458293.8277300000 -0.0385000000 0.0310000000
2458293.8324000002 -0.0190000000 0.0270000000
2458293.8333100001 0.0250000000 0.0280000000
2458293.8549899999 -0.0210000000 0.0230000000
2458293.9293000000 -0.0130000000 0.0230000000
2458293.9307100000 0.0180000000 0.0230000000
2458294.7889999999 0.0040000000 0.0280000000
2458294.7993100001 0.0180000000 0.0280000000
2458294.8271599999 0.0350000000 0.0280000000
2458294.8747500000 -0.0130000000 0.0230000000
2458294.9534200002 0.0130000000 0.0240000000
2458295.7149000000 -0.0200000000 0.0230000000
2458295.7904599998 0.0320000000 0.0280000000
2458295.8047400001 0.0020000000 0.0280000000
2458295.8450500001 -0.0255000000 0.0490000000
2458295.8734599999 -0.0280000000 0.0230000000
2458296.7906700000 -0.0270000000 0.0270000000
2458296.7915800000 -0.0120000000 0.0280000000
2458296.8291199999 -0.0410000000 0.0270000000
2458296.8314600000 -0.0515000000 0.0310000000
2458296.9543699999 -0.0320000000 0.0230000000
2458296.9572200002 -0.0320000000 0.0230000000
2458296.9640299999 0.0300000000 0.0240000000
2458297.7408799999 0.0060000000 0.0240000000
2458297.8136900002 0.0310000000 0.0280000000
2458297.8268157821 0.3970199037 0.0855786480
2458297.8269900000 0.3630000000 0.0360000000
2458297.8419900001 -0.0300000000 0.0270000000
2458297.9519000002 0.0580000000 0.0240000000
2458297.9791000001 0.0090000000 0.0240000000
2458298.6970600002 -0.0380000000 0.0230000000
2458298.7165700002 -0.0500000000 0.0230000000
2458298.7423600000 0.0110000000 0.0240000000
2458298.8042100002 0.0430000000 0.0290000000
2458298.8258199999 -0.0270000000 0.0270000000
2458298.8423400000 0.1050000000 0.0300000000
2458299.7185999998 0.0360000000 0.0240000000
2458299.8227900001 -0.0565000000 0.0480000000
2458299.8407899998 0.0120000000 0.0280000000
2458299.8685900001 -0.0650000000 0.0270000000
2458299.8917299998 -0.0080000000 0.0280000000
2458299.8926400002 0.0590000000 0.0290000000
2458299.9096499998 -0.0185000000 0.0310000000
2458299.9480599998 -0.0040000000 0.0240000000
2458299.9508500001 -0.0120000000 0.0220000000
2458299.9517600001 0.0430000000 0.0240000000
2458299.9778800001 0.0370000000 0.0240000000
2458300.8143900000 0.0280000000 0.0240000000
2458300.8407700001 -0.0350000000 0.0270000000
2458300.8631199999 -0.0580000000 0.0270000000
2458300.8821000000 -0.0260000000 0.0270000000
2458300.9552500001 0.0350000000 0.0240000000
2458300.9784900001 -0.0040000000 0.0240000000
2458301.7692499999 -0.0020000000 0.0240000000
2458301.7902199998 -0.0240000000 0.0230000000
2458301.8311000001 0.0880000000 0.0250000000
2458301.8441200000 0.0670000000 0.0290000000
2458301.8748800000 0.0400000000 0.0290000000
2458301.8869356341 0.4127989371 0.0658528843
2458301.8871100000 0.4360000000 0.0370000000
2458302.7909400002 0.0000000000 0.0240000000
2458302.7923499998 0.0070000000 0.0240000000
2458302.8343699998 0.0290000000 0.0280000000
2458302.8468800001 -0.0230000000 0.0270000000
2458302.8487800001 -0.0020000000 0.0280000000
2458302.8650300000 -0.0440000000 0.0270000000
2458302.9292400000 0.0090000000 0.0220000000
2458302.9315700000 0.0350000000 0.0240000000
2458302.9589999998 0.0150000000 0.0240000000
2458303.7933299998 -0.0340000000 0.0230000000
2458303.8140900000 -0.0200000000 0.0270000000
2458303.8317800001 -0.0170000000 0.0270000000
2458303.8432200002 0.0270000000 0.0280000000
2458303.8872799999 0.0375000000 0.0510000000
2458303.9120999998 -0.0270000000 0.0230000000
2458303.9320000000 -0.0050000000 0.0240000000
2458304.8006000002 -0.0320000000 0.0230000000
2458304.8219699999 0.0160000000 0.0280000000
2458304.8438300001 0.0000000000 0.0280000000
2458304.8683600002 -0.0170000000 0.0270000000
2458304.9338199999 -0.0160000000 0.0230000000
2458304.9527400001 0.0020000000 0.0240000000
2458305.7232700000 -0.0340000000 0.0230000000
2458305.8143500001 0.0070000000 0.0240000000
2458305.8242000001 -0.0090000000 0.0240000000
2458305.8251100001 0.0000000000 0.0240000000
2458305.8274300001 -0.0260000000 0.0220000000
2458305.8474499998 -0.0560000000 0.0270000000
2458305.8645000001 0.0290000000 0.0280000000
2458305.8668900002 0.0300000000 0.0280000000
2458305.8904280909 0.3987023170 0.0601424522
2458305.8906000000 0.4060000000 0.0370000000
2458305.8934300002 0.0205000000 0.0320000000
2458306.8280400001 0.0270000000 0.0240000000
2458306.8482400002 -0.0050000000 0.0240000000
2458307.7392299999 -0.0040000000 0.0240000000
2458307.8311500000 -0.0020000000 0.0240000000
2458307.8464100002 -0.0140000000 0.0230000000
2458307.8735300000 -0.0210000000 0.0270000000
2458307.8904800001 0.0130000000 0.0280000000
2458307.9166299999 -0.0390000000 0.0270000000
2458307.9308300000 0.0185000000 0.0510000000
2458308.8249499998 -0.0550000000 0.0270000000
2458308.8526900001 -0.0110000000 0.0280000000
2458308.8957799999 0.0100000000 0.0240000000
2458310.8489899999 -0.0130000000 0.0230000000
2458310.8744899998 0.0530000000 0.0240000000
2458310.8923900002 -0.0160000000 0.0280000000
2458310.9132500002 -0.0020000000 0.0280000000
2458310.9229799998 0.0170000000 0.0280000000
2458311.8500299999 -0.0220000000 0.0230000000
2458311.8509399998 -0.0060000000 0.0240000000
2458311.8532599998 -0.0260000000 0.0220000000
2458311.8715200000 0.0380000000 0.0240000000
2458311.8902799999 -0.0160000000 0.0280000000
2458312.7495700000 -0.0420000000 0.0270000000
2458312.8527700002 0.0180000000 0.0240000000
2458312.8686099998 0.0090000000 0.0240000000
2458312.9093499999 0.0140000000 0.0280000000
2458312.9351100000 0.0250000000 0.0280000000
2458313.7185100000 0.0090000000 0.0280000000
2458313.7509599999 0.0280000000 0.0240000000
2458313.8288500002 0.0450000000 0.0240000000
2458313.8432600000 -0.0060000000 0.0240000000
2458313.8895999999 0.0270000000 0.0280000000
2458314.8281500000 0.0370000000 0.0240000000
2458314.8480600002 -0.0120000000 0.0240000000
2458314.8489899999 0.0180000000 0.0240000000
2458314.8714500000 0.0810000000 0.0250000000
2458314.8742300002 -0.0300000000 0.0220000000
2458314.9047699999 0.0400000000 0.0290000000
2458314.9056899999 -0.0220000000 0.0270000000
2458314.9295500000 -0.0010000000 0.0280000000
2458314.9338900000 -0.0135000000 0.0310000000
2458314.9569799998 0.0470000000 0.0290000000
2458315.8305799998 -0.0080000000 0.0280000000
2458315.8534400002 -0.0180000000 0.0270000000
2458315.8715499998 0.0430000000 0.0290000000
2458315.8926300001 -0.0030000000 0.0240000000
2458315.9106899998 0.0340000000 0.0240000000
2458316.7489700001 -0.0170000000 0.0270000000
2458316.8711199998 0.0140000000 0.0240000000
2458316.8892600001 0.0070000000 0.0240000000
2458316.9049900002 0.0160000000 0.0240000000
2458317.8464799998 0.0220000000 0.0240000000
2458317.8473899998 0.0390000000 0.0240000000
2458317.8675799998 0.0360000000 0.0240000000
2458317.8734929534 0.2786882978 0.0528573688
2458317.8736700001 0.2930000000 0.0260000000
2458317.8920499999 0.0440000000 0.0240000000
2458317.9137700000 0.0160000000 0.0280000000
2458318.8487800001 -0.0260000000 0.0270000000
2458318.8736100001 -0.0150000000 0.0280000000
2458318.8865399999 0.0200000000 0.0240000000
2458318.9110599998 0.0520000000 0.0240000000
2458318.9355799998 0.0180000000 0.0240000000
2458319.7414199999 0.0170000000 0.0280000000
2458319.7697700001 -0.0050000000 0.0280000000
2458319.8676200002 0.0010000000 0.0240000000
2458319.8889799998 -0.0200000000 0.0230000000
2458319.9023300000 0.0090000000 0.0240000000
2458319.9922199999 0.0755000000 0.0530000000
2458320.8696200000 -0.0130000000 0.0280000000
2458320.8719700002 -0.0295000000 0.0310000000
2458320.9144100002 -0.0010000000 0.0240000000
2458320.9289500001 -0.0080000000 0.0220000000
2458320.9298700001 -0.0020000000 0.0240000000
2458320.9307900001 -0.0220000000 0.0230000000
2458320.9502200000 -0.0090000000 0.0240000000
2458321.7719500000 -0.0030000000 0.0280000000
2458321.8562300000 -0.0200000000 0.0270000000
2458321.8857000000 0.0390000000 0.0240000000
2458321.9064000002 0.0750000000 0.0250000000
2458321.9251500000 0.0020000000 0.0240000000
2458322.6949800001 0.1790000000 0.0260000000
2458322.7200600002 0.0120000000 0.0240000000
2458322.7620700002 -0.0320000000 0.0270000000
2458322.8631400000 -0.0330000000 0.0270000000
2458322.8869400001 -0.0080000000 0.0280000000
2458322.9338799999 0.0150000000 0.0240000000
2458323.7400900000 -0.0320000000 0.0270000000
2458323.7617400000 -0.0660000000 0.0270000000
2458323.7640800001 0.0400000000 0.0290000000
2458323.7650100002 -0.0595000000 0.0310000000
2458323.8926200001 -0.0050000000 0.0240000000
2458323.9127099998 -0.0230000000 0.0230000000
2458323.9136199998 0.0150000000 0.0240000000
2458323.9150100001 0.0080000000 0.0220000000
2458323.9286500001 0.0020000000 0.0240000000
2458324.6947400002 -0.0060000000 0.0280000000
2458324.7404700001 0.0120000000 0.0280000000
2458324.8829500000 0.0360000000 0.0240000000
2458324.9048299999 -0.0150000000 0.0230000000
2458324.9243700001 -0.0070000000 0.0240000000
2458325.6762700002 0.0100000000 0.0240000000
2458325.6962899999 -0.0250000000 0.0230000000
2458325.7479300001 -0.0440000000 0.0270000000
2458325.7585700001 -0.0380000000 0.0270000000
2458325.7823000001 0.0080000000 0.0280000000
2458325.8067700001 -0.0545000000 0.0480000000
2458325.9091699999 0.0810000000 0.0250000000
2458326.7856200002 -0.0020000000 0.0280000000
2458326.8024300002 0.0050000000 0.0280000000
2458326.8220899999 -0.0300000000 0.0270000000
2458326.8229999999 -0.0280000000 0.0270000000
2458326.8460700000 0.0405000000 0.0330000000
2458326.9262100002 -0.0450000000 0.0230000000
2458326.9500600002 -0.0230000000 0.0230000000
2458326.9542999999 -0.0530000000 0.0230000000
2458326.9707499999 -0.0200000000 0.0220000000
2458327.7064800002 0.0090000000 0.0240000000
2458327.8101200000 -0.0620000000 0.0270000000
2458327.8466099999 0.0270000000 0.0280000000
2458327.8602999998 0.0240000000 0.0280000000
2458328.8427800001 0.0250000000 0.0280000000
2458329.8086299999 -0.0060000000 0.0280000000
2458329.8105400000 0.0190000000 0.0280000000
2458329.8467000001 -0.0080000000 0.0280000000
2458329.8515300001 -0.0315000000 0.0310000000
2458329.8954200000 -0.0875000000 0.0470000000
2458329.9096800000 0.0050000000 0.0240000000
2458329.9140300001 0.0700000000 0.0250000000
2458329.9154300001 -0.0410000000 0.0220000000
2458329.9246299998 0.0270000000 0.0240000000
2458330.6829800000 0.0230000000 0.0240000000
2458330.6949800001 -0.0060000000 0.0240000000
2458330.7859399999 0.0210000000 0.0240000000
2458330.8086100002 -0.0270000000 0.0270000000
2458330.8511600001 -0.0510000000 0.0270000000
2458330.8656000001 -0.0440000000 0.0270000000
2458331.6751899999 0.0030000000 0.0280000000
2458331.7068200000 -0.0340000000 0.0270000000
2458331.7254400002 0.0110000000 0.0280000000
2458331.7596399998 0.0420000000 0.0240000000
2458331.8021399998 0.1290000000 0.0250000000
2458332.7071900000 -0.0050000000 0.0240000000
2458332.7267000000 0.0100000000 0.0240000000
2458332.7276300001 0.0110000000 0.0240000000
2458332.7441699998 -0.0160000000 0.0220000000
2458332.7450899999 -0.0030000000 0.0240000000
2458332.8104300001 -0.0060000000 0.0280000000
2458332.8113400000 -0.0110000000 0.0280000000
2458332.8227200001 0.0485000000 0.0330000000
2458333.8706200002 -0.0185000000 0.0490000000
2458338.6590499999 -0.1405000000 0.0450000000
2458338.6798899998 -0.0020000000 0.0240000000
2458338.6812900002 0.0060000000 0.0220000000
2458338.6987999999 -0.0270000000 0.0270000000
2458338.7001999998 0.0215000000 0.0320000000
2458338.7016300000 -0.0385000000 0.0310000000
2458338.8713099998 0.0020000000 0.0220000000
2458340.8084900002 -0.0175000000 0.0310000000
2458341.8186800000 -0.0785000000 0.0300000000
2458341.8196000000 0.0055000000 0.0320000000
2458342.8330500000 0.0065000000 0.0320000000
2458342.8339800001 0.0300000000 0.0280000000
2458342.8716400000 -0.0475000000 0.0480000000
2458343.8099699998 0.0370000000 0.0230000000
2458343.8339300002 -0.0015000000 0.0320000000
2458344.8086999999 0.0005000000 0.0320000000
2458344.8096200000 -0.0005000000 0.0320000000
2458344.8455400001 -0.0210000000 0.0220000000
2458344.8464600001 0.0230000000 0.0230000000
2458345.8140599998 -0.0010000000 0.0220000000
2458345.8304599999 0.0050000000 0.0280000000
2458345.8313899999 0.0105000000 0.0320000000
2458346.8268900001 0.0100000000 0.0230000000
2458347.8633400002 0.0265000000 0.0510000000
2458348.8444300001 0.0040000000 0.0240000000
2458348.8449300001 -0.0140000000 0.0220000000
2458348.8458300000 0.0060000000 0.0220000000
2458349.6878499999 0.0190000000 0.0240000000
2458349.7092300002 -0.0020000000 0.0240000000
2458349.7243900001 -0.0130000000 0.0220000000
2458349.7272500000 -0.0210000000 0.0230000000
2458349.7629679772 0.4228380478 0.0556918029
2458349.7631399999 0.4340000000 0.0370000000
2458349.7851999998 0.0270000000 0.0280000000
2458349.7884999998 -0.0155000000 0.0310000000
2458349.8028199999 0.0230000000 0.0280000000
2458350.7037000000 -0.0060000000 0.0280000000
2458350.8012299999 0.0370000000 0.0240000000
2458350.8190000001 0.0200000000 0.0240000000
2458350.8466200000 0.0200000000 0.0240000000
2458350.8513300000 0.0310000000 0.0230000000
2458350.8716300000 -0.0280000000 0.0270000000
2458350.8744000001 0.0085000000 0.0320000000
2458350.8848400000 -0.0320000000 0.0270000000
2458351.6715600002 -0.0150000000 0.0280000000
2458351.6954700002 -0.0860000000 0.0260000000
2458351.6963900002 -0.0090000000 0.0280000000
2458351.6973000001 -0.0015000000 0.0320000000
2458351.6992100002 -0.0545000000 0.0310000000
2458351.7224300001 0.0400000000 0.0290000000
2458351.7385200001 0.0100000000 0.0240000000
2458351.7769800001 -0.0030000000 0.0240000000
2458351.7783700000 0.0260000000 0.0230000000
2458351.7793200002 0.1350000000 0.0240000000
2458351.8256700002 -0.0415000000 0.0480000000
2458352.7036199998 -0.0070000000 0.0240000000
2458352.7403799999 0.0080000000 0.0280000000
2458352.7874500002 0.0240000000 0.0280000000
2458352.7893699999 -0.0375000000 0.0310000000
2458352.8126400001 -0.0680000000 0.0270000000
2458352.8465399998 -0.0400000000 0.0220000000
2458352.8527199998 -0.0110000000 0.0240000000
2458352.8657300002 -0.0290000000 0.0230000000
2458353.6869800002 0.0000000000 0.0280000000
2458353.7068699999 -0.0350000000 0.0270000000
2458353.7096400000 -0.0535000000 0.0310000000
2458353.7235200000 -0.0320000000 0.0270000000
2458353.7448200001 -0.0140000000 0.0280000000
2458353.7879800000 -0.0340000000 0.0270000000
2458353.8037299998 -0.0105000000 0.0320000000
2458353.8046800001 -0.0120000000 0.0280000000
2458354.6975258840 0.3785148540 0.0776405249
2458354.6976999999 0.3930000000 0.0360000000
2458354.7249599998 -0.0330000000 0.0270000000
2458354.7357899998 0.0330000000 0.0280000000
2458354.7366999998 -0.0240000000 0.0270000000
2458354.7641099999 0.0105000000 0.0320000000
2458354.7650299999 -0.0765000000 0.0300000000
2458354.8636699999 0.0245000000 0.0320000000
2458354.8673600000 -0.0150000000 0.0280000000
2458354.8682900001 0.0075000000 0.0320000000
2458354.8857499999 0.1270000000 0.0300000000
2458355.7459999998 0.0380000000 0.0280000000
2458355.7656999999 -0.0025000000 0.0320000000
2458355.7910199999 0.0010000000 0.0280000000
2458355.7956699999 -0.0490000000 0.0270000000
2458356.7022099998 -0.0210000000 0.0270000000
2458356.7360600000 0.0010000000 0.0280000000
2458356.7658500001 0.0105000000 0.0320000000
2458356.7672400000 -0.0380000000 0.0270000000
2458356.7776799998 -0.0270000000 0.0270000000
2458357.6892499998 0.0280000000 0.0280000000
2458357.6974999998 0.0040000000 0.0280000000
2458357.6984199998 0.0170000000 0.0280000000
2458357.7581199999 -0.0370000000 0.0270000000
2458357.7762799999 -0.0380000000 0.0270000000
2458357.7771899998 0.0330000000 0.0280000000
2458357.7975099999 0.0230000000 0.0280000000
2458357.8027300001 0.0525000000 0.0330000000
2458357.8043399998 -0.0045000000 0.0320000000
2458358.6994400001 0.0140000000 0.0280000000
2458358.7175699999 -0.0030000000 0.0280000000
2458358.7638599998 0.0255000000 0.0320000000
2458358.7657800000 0.0190000000 0.0280000000
2458359.6996700000 -0.0070000000 0.0280000000
2458359.7583200000 0.0920000000 0.0300000000
2458359.7597099999 -0.0505000000 0.0310000000
2458359.7836300000 -0.0050000000 0.0280000000
2458359.7991300002 -0.0560000000 0.0270000000
2458360.6501500001 -0.0170000000 0.0220000000
2458360.6515600001 -0.0430000000 0.0220000000
2458360.6524899998 -0.0110000000 0.0240000000
2458360.7308800002 0.0780000000 0.0290000000
2458360.7565000001 0.0270000000 0.0280000000
2458360.7569900001 -0.0225000000 0.0310000000
2458360.7579000001 -0.0665000000 0.0300000000
2458360.7809899999 0.0120000000 0.0280000000
2458361.6625899998 0.0290000000 0.0240000000
2458361.6767500001 0.0440000000 0.0240000000
2458361.7038099999 0.0900000000 0.0250000000
2458361.7212800002 -0.0150000000 0.0220000000
2458361.7393700001 -0.0090000000 0.0280000000
2458361.7407600000 0.0305000000 0.0320000000
2458361.7678899998 -0.0160000000 0.0280000000
2458361.7856899998 0.0120000000 0.0280000000
2458362.6677500000 -0.0070000000 0.0280000000
2458362.6810800000 -0.0110000000 0.0280000000
2458362.6824800000 -0.0185000000 0.0310000000
2458362.6999400002 0.0070000000 0.0240000000
2458362.7206899999 -0.0060000000 0.0240000000
2458362.7221300001 -0.0190000000 0.0220000000
2458362.7424699999 -0.0190000000 0.0230000000
2458362.7892200002 0.0375000000 0.0510000000
2458363.6678900002 0.0330000000 0.0240000000
2458363.6755599999 0.0070000000 0.0240000000
2458363.6779600000 0.1330000000 0.0240000000
2458363.6788599999 -0.0090000000 0.0220000000
2458363.6802699999 0.0160000000 0.0240000000
2458363.7012900002 0.0140000000 0.0240000000
2458363.7231100001 0.0230000000 0.0280000000
2458363.7255699998 -0.0120000000 0.0280000000
2458363.7433300000 0.0100000000 0.0280000000
2458363.7489700001 0.0105000000 0.0320000000
2458363.7498900001 -0.0045000000 0.0320000000
2458363.7637499999 -0.0300000000 0.0270000000
2458364.6515299999 0.0040000000 0.0280000000
2458364.6830300000 -0.0520000000 0.0270000000
2458364.6844299999 -0.0145000000 0.0310000000
2458364.6992400000 0.0340000000 0.0240000000
2458364.7231399999 0.0190000000 0.0240000000
2458364.7444099998 0.0420000000 0.0240000000
2458364.7463300000 0.0170000000 0.0230000000
2458365.6648900001 0.0030000000 0.0280000000
2458365.6875900002 0.0050000000 0.0280000000
2458365.6964300000 0.0000000000 0.0280000000
2458365.7001399999 -0.0195000000 0.0310000000
2458365.7425000002 0.0210000000 0.0240000000
2458365.7663199999 0.0080000000 0.0240000000
2458365.7847899999 -0.0360000000 0.0230000000
2458366.6873100000 -0.0065000000 0.0320000000
2458366.6882199999 0.0235000000 0.0320000000
2458366.7026200001 -0.0170000000 0.0230000000
2458366.7035500002 -0.0190000000 0.0230000000
2458366.7212800002 -0.0130000000 0.0230000000
2458366.7456800002 -0.0030000000 0.0220000000
2458366.7470700000 -0.0150000000 0.0230000000
2458366.7498599999 -0.0230000000 0.0220000000
2458366.7886700002 0.0275000000 0.0510000000
2458367.6579999998 0.0190000000 0.0280000000
2458367.6870599999 -0.0310000000 0.0270000000
2458367.7000400000 -0.0220000000 0.0270000000
2458367.7014299999 0.0325000000 0.0320000000
2458367.7369300001 0.0330000000 0.0240000000
2458367.7387899999 0.0260000000 0.0230000000
2458367.7677799999 -0.0280000000 0.0230000000
2458367.7801166372 0.4385485066 0.0490467888
2458367.7802900001 0.3960000000 0.0300000000
2458368.6558900001 0.0310000000 0.0280000000
2458368.6813400001 -0.0080000000 0.0280000000
2458368.7043300001 -0.0080000000 0.0240000000
2458368.7448200001 -0.0400000000 0.0220000000
2458368.7462100000 -0.0190000000 0.0230000000
2458368.7601399999 -0.0460000000 0.0230000000
2458368.7834800002 -0.0290000000 0.0270000000
2458368.7877400001 0.0395000000 0.0330000000
2458369.6537799998 0.0100000000 0.0280000000
2458369.6546900002 0.0250000000 0.0280000000
2458369.6866799998 0.0030000000 0.0280000000
2458369.6966300001 -0.0315000000 0.0310000000
2458369.6984500000 0.0025000000 0.0320000000
2458369.7018599999 -0.0120000000 0.0280000000
2458369.7373899999 -0.0040000000 0.0240000000
2458369.7647699998 -0.0240000000 0.0230000000
2458369.7656999999 -0.0240000000 0.0230000000
2458369.7821212411 0.4164610447 0.0512217736
2458369.7822900000 0.4700000000 0.0290000000
2458369.7888699998 -0.0060000000 0.0240000000
2458369.7893500002 -0.0060000000 0.0220000000
2458370.6601999998 0.0420000000 0.0290000000
2458370.6822899999 0.0050000000 0.0240000000
2458370.7072999999 0.0070000000 0.0240000000
2458370.7302899999 -0.0230000000 0.0220000000
2458370.7453000001 0.0320000000 0.0240000000
2458370.7676900001 -0.0440000000 0.0270000000
2458370.7796600000 -0.0155000000 0.0310000000
2458371.6555499998 -0.0250000000 0.0270000000
2458371.6753500002 -0.0055000000 0.0320000000
2458371.6776800002 0.0240000000 0.0280000000
2458371.6962799998 0.0050000000 0.0240000000
2458371.7198399999 -0.0300000000 0.0220000000
2458371.7466400000 -0.0190000000 0.0230000000
2458371.7613100000 -0.0430000000 0.0230000000
2458371.7870999998 0.0115000000 0.0500000000
2458372.6511900001 -0.0260000000 0.0270000000
2458372.6760200001 0.0235000000 0.0320000000
2458372.6769200000 0.0275000000 0.0320000000
2458372.6778400000 -0.0210000000 0.0270000000
2458372.7045000000 -0.0290000000 0.0230000000
2458372.7054300001 -0.0530000000 0.0230000000
2458372.7184400000 0.0270000000 0.0230000000
2458372.7193499999 -0.0380000000 0.0220000000
2458372.7198399999 0.0110000000 0.0240000000
2458372.7473599999 -0.0160000000 0.0230000000
2458373.6364400000 0.0200000000 0.0280000000
2458373.6578899999 0.0070000000 0.0280000000
2458373.6780300001 -0.0170000000 0.0270000000
2458373.6794199999 -0.0095000000 0.0320000000
2458373.7263199999 -0.0240000000 0.0230000000
2458373.7300999998 0.0870000000 0.0230000000
2458373.7429399998 -0.0030000000 0.0240000000
2458373.7615399999 0.0020000000 0.0240000000
2458374.6409499999 0.0170000000 0.0280000000
2458374.6541100000 -0.0290000000 0.0270000000
2458374.6777100000 0.0220000000 0.0280000000
2458374.6795500000 -0.0675000000 0.0300000000
2458374.7235400002 -0.0090000000 0.0240000000
2458374.7244500001 -0.0110000000 0.0220000000
2458374.7363300002 0.0080000000 0.0240000000
2458374.7565899999 -0.0480000000 0.0230000000
2458375.6656800001 -0.0190000000 0.0270000000
2458375.6827500002 -0.0490000000 0.0270000000
2458375.6836600001 0.0340000000 0.0280000000
2458375.6873300001 -0.0005000000 0.0320000000
2458375.6882400000 0.0255000000 0.0320000000
2458375.6975099999 -0.0170000000 0.0270000000
2458375.7213099999 0.0020000000 0.0240000000
2458375.7217899999 0.0210000000 0.0230000000
2458375.7226999998 0.0090000000 0.0220000000
2458375.7439999999 0.0050000000 0.0240000000
2458375.7491000001 0.0020000000 0.0240000000
2458375.8219900001 0.0115000000 0.0500000000
2458376.6841300000 -0.0290000000 0.0270000000
2458376.6878399998 -0.0265000000 0.0310000000
2458376.7005699999 -0.0250000000 0.0270000000
2458376.7234299998 -0.0110000000 0.0240000000
2458376.7351700002 0.0060000000 0.0220000000
2458376.7404000000 0.0090000000 0.0240000000
2458377.6342099998 0.0150000000 0.0280000000
2458377.6553799999 -0.0420000000 0.0270000000
2458377.6853100001 -0.0220000000 0.0270000000
2458377.7253200002 -0.0200000000 0.0230000000
2458377.7378099998 0.0160000000 0.0240000000
2458377.7636199999 0.0080000000 0.0240000000
2458377.7683700002 0.0310000000 0.0230000000
2458377.7868800000 -0.0495000000 0.0310000000
2458378.6416900000 0.0290000000 0.0280000000
2458378.6620499999 -0.0220000000 0.0230000000
2458378.6819699998 -0.0140000000 0.0230000000
2458378.6828700001 -0.0060000000 0.0240000000
2458378.6995100002 -0.0320000000 0.0230000000
2458378.7225600001 0.0230000000 0.0280000000
2458378.7416400001 0.0060000000 0.0280000000
2458378.7425500001 -0.0140000000 0.0280000000
2458378.7571800002 0.0075000000 0.0320000000
2458378.7580900001 -0.0005000000 0.0320000000
2458378.8072199998 0.0090000000 0.0220000000
2458378.8095300002 -0.0060000000 0.0220000000
2458379.6336800000 -0.0385000000 0.0480000000
2458379.6555100000 0.0060000000 0.0240000000
2458379.6780099999 -0.0180000000 0.0220000000
2458379.6793900002 0.0630000000 0.0240000000
2458379.6956799999 -0.0180000000 0.0230000000
2458379.7254200000 -0.0030000000 0.0280000000
2458379.7338399999 -0.0195000000 0.0310000000
2458379.7472600001 -0.0010000000 0.0280000000
2458379.7627300001 -0.0030000000 0.0280000000
2458380.6671300000 -0.0760000000 0.0230000000
2458380.6680700001 -0.0220000000 0.0220000000
2458381.6190399998 0.0100000000 0.0280000000
2458381.6328699999 0.0050000000 0.0280000000
2458381.6337899999 0.0175000000 0.0320000000
2458381.6356199998 -0.0025000000 0.0320000000
2458381.6649000002 -0.0250000000 0.0270000000
2458381.6658100002 0.0290000000 0.0280000000
2458381.6803000001 0.0590000000 0.0240000000
2458381.6985100000 -0.0160000000 0.0230000000
2458381.6990000000 -0.0040000000 0.0220000000
2458381.7003799998 -0.0180000000 0.0220000000
2458381.7226800001 0.0620000000 0.0240000000
2458381.7235900001 0.0420000000 0.0240000000
2458382.6393114175 0.5400716196 0.0717457544
2458382.6394900000 0.5190000000 0.0400000000
2458382.6619600002 -0.0330000000 0.0270000000
2458382.6652099998 -0.0215000000 0.0310000000
2458382.6808400000 -0.0290000000 0.0230000000
2458382.6955834399 0.4520021167 0.0574307642
2458382.6957600000 0.4300000000 0.0300000000
2458382.6976700001 0.0000000000 0.0220000000
2458382.7156900000 -0.0210000000 0.0230000000
2458383.6234100000 0.0450000000 0.0290000000
2458383.6442800001 0.0440000000 0.0290000000
2458383.6641500001 0.0040000000 0.0280000000
2458383.6669200002 0.0175000000 0.0320000000
2458383.6775400001 -0.0460000000 0.0230000000
2458383.6987100001 0.0000000000 0.0240000000
2458383.6996499998 -0.0090000000 0.0220000000
2458383.7243200000 -0.0540000000 0.0230000000
2458384.6624599998 -0.0150000000 0.0280000000
2458384.6633799998 -0.0390000000 0.0270000000
2458384.6836100002 0.1905000000 0.0360000000
2458384.6850100001 -0.0015000000 0.0320000000
2458384.7069000001 -0.0310000000 0.0270000000
2458384.7246099999 -0.0320000000 0.0230000000
2458384.7255199999 0.1270000000 0.0250000000
2458384.7455300000 0.0150000000 0.0240000000
2458384.7469100002 0.0210000000 0.0230000000
2458384.7483100002 -0.0080000000 0.0220000000
2458384.7595899999 0.0150000000 0.0240000000
2458385.6241600001 0.0540000000 0.0240000000
2458385.6427000002 0.0260000000 0.0240000000
2458385.6454599998 -0.0330000000 0.0220000000
2458385.6558300001 0.0620000000 0.0240000000
2458385.6743700001 0.0000000000 0.0280000000
2458385.7039200002 0.0490000000 0.0290000000
2458385.7206899999 -0.0550000000 0.0270000000
2458386.6205500001 -0.0250000000 0.0230000000
2458386.6334400000 -0.0230000000 0.0230000000
2458386.6599099999 0.0240000000 0.0240000000
2458386.6631800001 -0.0230000000 0.0220000000
2458386.7056399998 0.0090000000 0.0280000000
2458386.7233500001 0.0120000000 0.0280000000
2458386.7251900001 0.0285000000 0.0320000000
2458386.7361099999 -0.0540000000 0.0270000000
2458387.6149200001 -0.0290000000 0.0270000000
2458387.6187300002 0.0350000000 0.0280000000
2458387.6313200002 -0.0405000000 0.0310000000
2458387.6331500001 -0.0315000000 0.0310000000
2458387.6349900002 -0.0310000000 0.0270000000
2458387.6612100000 -0.0340000000 0.0270000000
2458387.6781600001 -0.0320000000 0.0220000000
2458387.6790800001 0.0070000000 0.0220000000
2458387.6967799999 -0.0070000000 0.0240000000
2458387.7001299998 0.0490000000 0.0240000000
2458387.7192699998 -0.0450000000 0.0230000000
2458387.7381799999 0.0030000000 0.0240000000
2458387.8021399998 -0.0095000000 0.0500000000
2458388.6252899999 -0.0020000000 0.0240000000
2458388.6346800001 0.0050000000 0.0220000000
2458388.6370199998 -0.0150000000 0.0230000000
2458388.6610699999 0.0370000000 0.0240000000
2458388.6779000000 -0.0125000000 0.0320000000
2458388.6792700002 0.0060000000 0.0280000000
2458388.7045600000 -0.0040000000 0.0280000000
2458388.7181199999 -0.0290000000 0.0270000000
2458389.6209300002 -0.0240000000 0.0270000000
2458389.6398800001 -0.0120000000 0.0240000000
2458389.6544599999 0.0550000000 0.0230000000
2458389.6558500002 -0.0400000000 0.0230000000
2458389.6768600000 -0.0180000000 0.0230000000
2458389.7226999998 -0.0280000000 0.0270000000
2458389.7397400001 -0.0550000000 0.0270000000
2458389.7440100000 -0.0285000000 0.0310000000
2458390.6125800000 -0.0230000000 0.0230000000
2458390.6364099998 -0.0190000000 0.0230000000
2458390.6373299998 0.0010000000 0.0240000000
2458390.6598399999 -0.0120000000 0.0240000000
2458390.6617100001 -0.0040000000 0.0220000000
2458390.6626200001 0.0060000000 0.0220000000
2458390.6737199998 -0.0555000000 0.0310000000
2458390.6746299998 0.0005000000 0.0320000000
2458390.6749354973 0.3950617628 0.0540607426
2458390.6751100002 0.3900000000 0.0360000000
2458390.6978099998 -0.0180000000 0.0270000000
2458390.6987200002 -0.0090000000 0.0280000000
2458390.7399800001 -0.0260000000 0.0270000000
2458397.6092400001 -0.0020000000 0.0220000000
2458397.6110700001 0.2530000000 0.0250000000
2458397.6138200001 -0.0100000000 0.0240000000
2458400.6222700002 0.0200000000 0.0230000000
2458400.6241000001 0.0040000000 0.0220000000
2458400.6366200000 0.0040000000 0.0240000000
2458400.6561099999 0.1490000000 0.0310000000
2458400.6589100002 0.0115000000 0.0320000000
2458400.6598499999 0.0125000000 0.0320000000
2458400.6828200002 -0.0290000000 0.0270000000
2458400.6967199999 -0.0360000000 0.0270000000
2458400.7448200001 -0.0635000000 0.0480000000
2458400.7689776160 0.4293592829 0.0520789474
2458400.7691500001 0.3830000000 0.0290000000
2458423.6001900001 -0.0010000000 0.0280000000
2458423.6011000001 0.0460000000 0.0290000000
2458423.6024900000 0.0215000000 0.0320000000
2458423.6323099998 0.0250000000 0.0280000000
2458424.6002699998 0.0520000000 0.0290000000
2458424.6016500001 -0.0285000000 0.0310000000
2458425.6001100000 -0.0100000000 0.0280000000
2458425.6014899998 0.0065000000 0.0320000000
2458425.6121600000 -0.0460000000 0.0270000000
2458425.6407300001 -0.0430000000 0.0230000000
2458425.6579100001 -0.0310000000 0.0230000000
2458426.6540299999 0.0020000000 0.0220000000
2458426.6559100002 -0.0300000000 0.0220000000
2458426.6573600001 -0.0320000000 0.0230000000
2458426.6931599998 0.0240000000 0.0240000000
2458427.5963300001 0.0350000000 0.0280000000
2458427.6557900002 -0.0520000000 0.0230000000
2458428.5808299999 -0.0060000000 0.0280000000
2458428.5887400000 0.0245000000 0.0320000000
2458428.5974900001 -0.0190000000 0.0270000000
2458428.6113399998 -0.0050000000 0.0280000000
2458428.6579999998 0.0060000000 0.0240000000
2458428.6630799999 -0.0220000000 0.0220000000
2458428.6745400000 -0.0090000000 0.0240000000
2458428.6917900001 -0.0230000000 0.0230000000
2458429.5783199999 0.0020000000 0.0280000000
2458429.6575500001 -0.0180000000 0.0230000000
2458429.6584700001 0.0380000000 0.0240000000
2458429.6761599998 0.0070000000 0.0240000000
2458429.6793900002 -0.0010000000 0.0220000000
2458429.6803299999 0.0170000000 0.0230000000
2458429.6934199999 0.0050000000 0.0240000000
2458430.5941599999 0.0050000000 0.0280000000
2458430.6028999998 -0.0235000000 0.0310000000
2458430.6091800001 0.0240000000 0.0230000000
2458430.6120900000 -0.0300000000 0.0230000000
2458430.6349399998 -0.0060000000 0.0240000000
2458430.6561617493 0.1893959089 0.0311331479
2458430.6563400002 0.1730000000 0.0260000000
2458430.6815999998 -0.0280000000 0.0270000000
2458430.6927200002 0.0310000000 0.0280000000
2458431.5773999998 0.0190000000 0.0240000000
2458431.5867855344 0.2630487275 0.0629687741
2458431.5869600000 0.2870000000 0.0260000000
2458431.6172400001 0.0380000000 0.0240000000
2458431.6401300002 0.0790000000 0.0290000000
2458431.6547800000 0.0255000000 0.0320000000
2458431.6607499998 -0.0030000000 0.0280000000
2458431.6729299999 0.0990000000 0.0300000000
2458432.5994199999 -0.0105000000 0.0320000000
2458432.6003399999 -0.0245000000 0.0310000000
2458432.6017399998 0.0640000000 0.0290000000
2458432.6578099998 -0.0340000000 0.0230000000
2458432.6712799999 -0.0530000000 0.0220000000
2458432.6721899998 0.0590000000 0.0230000000
2458432.6735899998 0.0400000000 0.0240000000
2458432.6763800001 -0.0770000000 0.0230000000
2458433.5791900000 0.0180000000 0.0280000000
2458433.5988699999 -0.0610000000 0.0270000000
2458433.6134700002 -0.0080000000 0.0280000000
2458433.6148600001 0.0155000000 0.0320000000
2458433.6531099998 -0.0190000000 0.0230000000
2458434.6330700000 -0.0080000000 0.0240000000
2458434.6623399998 -0.0190000000 0.0230000000
2458434.6762999999 0.0110000000 0.0280000000
2458435.5794400000 -0.0250000000 0.0270000000
2458435.5947699999 0.0050000000 0.0280000000
2458435.5966099999 0.0410000000 0.0290000000
2458435.5989500000 0.0925000000 0.0340000000
2458435.6012800001 -0.0305000000 0.0310000000
2458435.6338000000 0.0470000000 0.0230000000
2458435.6553099998 -0.0080000000 0.0240000000
2458435.6757070515 0.2758164567 0.0617421092
2458435.6758800000 0.2950000000 0.0280000000
2458436.5937199998 0.0350000000 0.0280000000
2458436.5992399999 -0.1395000000 0.0290000000
2458436.6132800002 -0.0030000000 0.0280000000
2458436.6362800002 0.0130000000 0.0240000000
2458436.6441299999 0.0050000000 0.0220000000
2458436.6699100002 0.1020000000 0.0250000000
2458441.5698099998 -0.0355000000 0.0310000000
2458441.5707700001 0.0445000000 0.0330000000
2458441.5717300000 0.1265000000 0.0340000000
2458441.5726899998 -0.0235000000 0.0310000000
2458441.5736500002 -0.0135000000 0.0310000000
2458441.5746100000 0.0025000000 0.0320000000
2458441.5755699999 0.0785000000 0.0330000000
2458441.5765300002 -0.0455000000 0.0310000000
2458441.5774900001 0.0405000000 0.0330000000
2458441.5784499999 -0.0125000000 0.0320000000
2458441.5794099998 -0.0345000000 0.0310000000
2458441.5803700001 0.0195000000 0.0320000000
2458441.5813300000 -0.0065000000 0.0320000000
2458441.5822899998 0.1125000000 0.0340000000
2458441.5832500001 0.0665000000 0.0330000000
2458441.5842100000 0.0035000000 0.0320000000
2458441.5851799999 -0.0915000000 0.0300000000
2458441.5861399998 -0.0625000000 0.0310000000
2458441.5871000001 0.0035000000 0.0320000000
2458441.5880600000 0.0265000000 0.0320000000
2458441.5890199998 -0.0045000000 0.0320000000
2458441.5899899998 0.0345000000 0.0320000000
2458441.5909500001 0.0905000000 0.0340000000
2458441.5919100000 0.0255000000 0.0320000000
2458441.5928699998 -0.0035000000 0.0320000000
2458441.5938300001 -0.0175000000 0.0310000000
2458441.5947900000 -0.0245000000 0.0310000000
2458441.5957499999 -0.0385000000 0.0310000000
2458441.5967100002 0.5315000000 0.0450000000
2458441.5976700000 0.0545000000 0.0330000000
2458441.5986400000 0.0005000000 0.0320000000
2458441.5995999998 0.0375000000 0.0330000000
2458441.6005600002 -0.0105000000 0.0320000000
2458441.6015200000 0.0615000000 0.0330000000
2458441.6024799999 0.0315000000 0.0320000000
2458441.6034400002 0.0215000000 0.0320000000
2458441.6044000001 -0.0095000000 0.0320000000
2458441.6053599999 -0.0035000000 0.0320000000
2458441.6063199998 -0.0305000000 0.0310000000
2458441.6072900002 -0.0215000000 0.0310000000
2458441.6082500000 -0.0025000000 0.0320000000
2458441.6092099999 -0.0345000000 0.0310000000
2458441.6101700002 -0.0225000000 0.0310000000
2458441.6111400002 0.0725000000 0.0330000000
2458441.6121000000 -0.0345000000 0.0310000000
2458441.6130599999 0.0025000000 0.0320000000
2458441.6140200002 0.0205000000 0.0320000000
2458441.6149800001 0.0065000000 0.0320000000
2458441.6159399999 0.0275000000 0.0320000000
2458441.6217000000 0.0235000000 0.0320000000
2458441.6226599999 -0.0405000000 0.0310000000
2458441.6236200002 0.0435000000 0.0330000000
2458441.6246000002 0.3205000000 0.0390000000
2458441.6255600001 0.0045000000 0.0320000000
2458441.6265199999 -0.0005000000 0.0320000000
2458441.6274799998 -0.0265000000 0.0310000000
2458441.6284400001 0.0515000000 0.0330000000
2458441.6294000000 -0.0585000000 0.0310000000
2458441.6303599998 -0.0035000000 0.0320000000
2458441.6313200002 -0.0055000000 0.0320000000
2458441.6322800000 -0.0105000000 0.0320000000
2458441.6332399999 -0.0005000000 0.0320000000
2458441.6342000002 0.0335000000 0.0320000000
2458441.6351600001 -0.0505000000 0.0310000000
2458441.6361199999 -0.0115000000 0.0320000000
2458441.6370799998 0.0305000000 0.0320000000
2458441.6380400001 -0.0005000000 0.0320000000
2458441.6390000000 0.1645000000 0.0350000000
2458441.6399699999 0.0585000000 0.0330000000
2458441.6409300002 0.0665000000 0.0330000000
2458441.6418900001 0.0125000000 0.0320000000
2458441.6428600000 -0.0295000000 0.0310000000
2458441.6438199999 0.0045000000 0.0320000000
2458441.6447800002 -0.0135000000 0.0310000000
2458441.6457400001 -0.0705000000 0.0300000000
2458441.6466999999 0.0275000000 0.0320000000
2458441.6476599998 -0.0075000000 0.0320000000
2458441.6486200001 0.0255000000 0.0320000000
2458441.6495800000 0.0865000000 0.0340000000
2458441.6505399998 -0.0665000000 0.0300000000
2458441.6515000002 0.0145000000 0.0320000000
2458441.6524700001 0.1235000000 0.0340000000
2458441.6534299999 0.1395000000 0.0350000000
2458441.6543999999 -0.0755000000 0.0300000000
2458441.6553600002 -0.0235000000 0.0310000000
2458441.6563200001 0.0035000000 0.0320000000
2458441.6572799999 -0.0085000000 0.0320000000
2458441.6582399998 -0.0185000000 0.0310000000
2458441.6592000001 -0.0665000000 0.0300000000
2458441.6601600000 -0.0495000000 0.0310000000
2458441.6611199998 0.0725000000 0.0330000000
2458441.6620800002 -0.0015000000 0.0320000000
2458441.6630400000 -0.0975000000 0.0300000000
2458441.6639999999 -0.0865000000 0.0300000000
2458441.6649600002 0.0055000000 0.0320000000
2458441.6659300001 -0.0355000000 0.0310000000
2458441.6668900000 0.1195000000 0.0340000000
2458441.6678499999 -0.0145000000 0.0310000000
2458441.6688100002 0.0105000000 0.0320000000
2458441.6697700000 0.0215000000 0.0320000000
2458441.6707299999 0.0035000000 0.0320000000
2458441.6716900002 0.0435000000 0.0330000000
2458441.6726500001 0.0115000000 0.0320000000
2458441.6736099999 -0.0055000000 0.0320000000
2458441.6745799999 -0.0325000000 0.0310000000
2458441.6755400002 -0.0855000000 0.0300000000
2458441.6765000001 0.0005000000 0.0320000000
2458441.6774599999 -0.0465000000 0.0310000000
2458441.6784299999 -0.0455000000 0.0310000000
2458441.6793900002 -0.1025000000 0.0300000000
2458441.6803500000 0.0315000000 0.0320000000
2458441.6822700002 0.2335000000 0.0370000000
2458441.6851499998 0.0805000000 0.0330000000
2458441.6870700000 -0.0705000000 0.0300000000
2458441.6880299998 0.0385000000 0.0330000000
2458441.6889900002 0.0225000000 0.0320000000
2458441.6899500000 0.0935000000 0.0340000000
2458441.6909099999 0.0215000000 0.0320000000
2458441.6947599999 0.1935000000 0.0360000000
2458441.6957200002 -0.0695000000 0.0300000000
2458441.6966800001 0.0215000000 0.0320000000
2458441.6976399999 -0.1075000000 0.0300000000
2458441.6986099998 -0.0135000000 0.0310000000
2458441.6995700002 -0.1015000000 0.0300000000
2458441.7005300000 0.0415000000 0.0330000000
2458441.7014899999 -0.0575000000 0.0310000000
2458441.7024500002 0.0135000000 0.0320000000
2458441.7034100001 -0.0035000000 0.0320000000
2458441.7043699999 -0.0305000000 0.0310000000
2458441.7053299998 -0.0255000000 0.0310000000
2458441.7062900001 0.0745000000 0.0330000000
2458441.7072600001 0.0995000000 0.0340000000
2458441.7082199999 -0.0205000000 0.0310000000
2458456.6353099998 0.0425000000 0.0330000000
2458456.6362100001 -0.1425000000 0.0290000000
2458457.6024300000 0.0590000000 0.0240000000
2458457.6029099999 0.0020000000 0.0220000000
2458457.6613099999 -0.2115000000 0.0280000000
2458469.6153199999 0.0480000000 0.0230000000
2458469.6162299998 0.0690000000 0.0230000000
2458527.0339600001 0.0305000000 0.0320000000
2458540.9490999999 0.0150000000 0.0240000000
2458540.9717299999 -0.0090000000 0.0240000000
2458540.9855900002 -0.0500000000 0.0220000000
2458540.9884199998 -0.0040000000 0.0240000000
2458541.0301999999 0.0110000000 0.0280000000
2458541.0531500001 0.0830000000 0.0290000000
2458541.0563800000 0.0235000000 0.0320000000
2458548.0520299999 0.0475000000 0.0520000000
2458558.0073400000 0.0220000000 0.0230000000
2458558.8953000000 -0.0280000000 0.0230000000
2458558.9686300000 0.0000000000 0.0240000000
2458558.9695500000 -0.0440000000 0.0220000000
2458559.0115499999 -0.0120000000 0.0280000000
2458560.9511699998 -0.0085000000 0.0320000000
2458561.8825099999 -0.0470000000 0.0270000000
2458561.9108199999 -0.0580000000 0.0270000000
2458561.9241100000 0.0165000000 0.0320000000
2458561.9250200000 -0.0300000000 0.0270000000
2458562.0088999998 -0.0260000000 0.0230000000
2458562.0301399999 -0.0800000000 0.0230000000
2458568.0111600002 -0.0280000000 0.0220000000
2458568.9337700000 -0.0480000000 0.0230000000
2458568.9495700002 0.0450000000 0.0240000000
2458568.9504700000 -0.0580000000 0.0220000000
2458568.9763400001 0.0535000000 0.0520000000
2458568.9919099999 -0.0530000000 0.0270000000
2458569.0088000000 0.0330000000 0.0280000000
2458569.0092699998 0.0355000000 0.0320000000
2458569.0334399999 -0.0310000000 0.0270000000
2458569.9109800002 0.0000000000 0.0240000000
2458572.9885748839 0.4052948105 0.0442006659
2458573.8410299998 0.0085000000 0.0500000000
2458573.8882599999 -0.0170000000 0.0230000000
2458573.9458699999 0.0400000000 0.0290000000
2458573.9750330285 0.3287001071 0.0414707679
2458573.9752099998 0.3020000000 0.0280000000
2458573.9919699999 -0.0620000000 0.0230000000
2458573.9937700001 0.0020000000 0.0220000000
2458574.9113200000 0.0170000000 0.0230000000
2458574.9461200000 0.0125000000 0.0320000000
2458575.9429400000 -0.0205000000 0.0310000000
2458581.9492400000 -0.0055000000 0.0320000000
2458581.9716800000 -0.0110000000 0.0220000000
2458582.9278400000 0.1245000000 0.0340000000
2458582.9910300002 0.0040000000 0.0220000000
2458584.9917100002 -0.0210000000 0.0220000000
2458585.0179400002 0.0005000000 0.0320000000
2458585.9308600002 0.1045000000 0.0340000000
2458586.8503700001 0.0190000000 0.0280000000
2458586.8921300001 0.0360000000 0.0280000000
2458586.9254500000 -0.0220000000 0.0230000000
2458586.9522400000 -0.0100000000 0.0240000000
2458586.9634300000 0.0010000000 0.0220000000
2458586.9638999999 -0.0090000000 0.0240000000
2458586.9945200002 -0.0050000000 0.0280000000
2458586.9963799999 -0.0145000000 0.0310000000
2458587.8479499999 0.3225000000 0.0630000000
2458587.9523299998 -0.0210000000 0.0230000000
2458587.9687700002 -0.0400000000 0.0220000000
2458588.8853199999 -0.0350000000 0.0270000000
2458588.9268399999 -0.0310000000 0.0270000000
2458588.9519600002 -0.0015000000 0.0320000000
2458588.9547400000 -0.0070000000 0.0280000000
2458588.9717299999 -0.0570000000 0.0230000000
2458588.9905599998 -0.0190000000 0.0230000000
2458588.9928400000 -0.0030000000 0.0220000000
2458591.9484399999 0.0645000000 0.0330000000
2458592.8724799999 0.1220000000 0.0300000000
2458592.9072500002 -0.0705000000 0.0300000000
2458592.9086400000 0.2120000000 0.0320000000
2458592.9657899998 -0.0100000000 0.0240000000
2458592.9844100000 -0.0700000000 0.0220000000
2458592.9862700002 -0.0490000000 0.0230000000
2458593.9048799998 -0.0130000000 0.0280000000
2458593.9292299999 -0.0245000000 0.0310000000
2458593.9297199999 -0.1180000000 0.0260000000
2458593.9529300001 -0.0830000000 0.0260000000
2458593.9726499999 0.0150000000 0.0240000000
2458593.9909899998 -0.0240000000 0.0230000000
2458594.0073500001 0.0050000000 0.0220000000
2458594.0087400000 0.1710000000 0.0260000000
2458596.8129400001 0.0000000000 0.0280000000
2458596.8908500001 0.0645000000 0.0520000000
2458596.9068000000 -0.0040000000 0.0280000000
2458596.9215099998 0.0035000000 0.0320000000
2458596.9238300002 -0.0260000000 0.0270000000
2458596.9490800002 -0.0330000000 0.0230000000
2458596.9777899999 -0.0450000000 0.0230000000
2458596.9966099998 -0.0500000000 0.0230000000
2458596.9979900001 -0.0090000000 0.0220000000
2458597.9068800001 0.0110000000 0.0280000000
2458597.9205299998 -0.0225000000 0.0310000000
2458597.9224600000 0.0390000000 0.0290000000
2458597.9438800002 0.0110000000 0.0280000000
2458597.9765800000 -0.0240000000 0.0230000000
2458598.8597700000 0.0060000000 0.0280000000
2458598.8839599998 0.0220000000 0.0280000000
2458600.9064000002 -0.0360000000 0.0230000000
2458600.9758400000 -0.0380000000 0.0270000000
2458600.9776499998 0.0145000000 0.0320000000
2458605.9549300000 0.0235000000 0.0320000000
2458605.9779599998 0.1375000000 0.0550000000
2458605.9929200001 -0.0210000000 0.0220000000
2458606.8277900000 0.0640000000 0.0290000000
2458606.8506499999 -0.0120000000 0.0280000000
2458606.8529400001 -0.0025000000 0.0320000000
2458606.8708899999 0.0190000000 0.0280000000
2458606.9430900002 -0.0170000000 0.0230000000
2458606.9689000002 -0.0080000000 0.0240000000
2458606.9716900000 -0.0090000000 0.0220000000
2458606.9841600000 -0.0160000000 0.0230000000
2458607.8672500001 0.0545000000 0.0330000000
2458607.9126900001 -0.0240000000 0.0220000000
2458608.9465000001 0.0050000000 0.0220000000
2458608.9723999999 -0.0155000000 0.0310000000
2458612.8948499998 -0.0080000000 0.0240000000
2458612.9030800001 -0.0120000000 0.0220000000
2458612.9087299998 -0.0520000000 0.0230000000
2458612.9355500001 -0.0220000000 0.0270000000
2458612.9479999999 -0.0060000000 0.0280000000
2458616.8455200000 0.0215000000 0.0510000000
2458616.8919099998 0.0350000000 0.0280000000
2458616.9088499998 -0.0150000000 0.0280000000
2458616.9333600001 -0.0365000000 0.0310000000
2458616.9338500001 -0.0130000000 0.0280000000
2458616.9423300000 0.0040000000 0.0240000000
2458616.9755299999 -0.0060000000 0.0240000000
2458616.9773400002 -0.0140000000 0.0220000000
2458617.8235399998 -0.0030000000 0.0280000000
2458617.8520300002 0.0020000000 0.0280000000
2458617.8691099999 0.0050000000 0.0280000000
2458617.8705000002 -0.0255000000 0.0310000000
2458617.9356800001 0.0230000000 0.0240000000
2458617.9528500000 0.0260000000 0.0240000000
2458617.9542500000 -0.0200000000 0.0220000000
2458617.9772600001 -0.0190000000 0.0230000000
2458618.8422300001 0.0300000000 0.0280000000
2458618.8654900002 -0.0145000000 0.0310000000
2458618.8664099998 0.0000000000 0.0280000000
2458627.8761399998 -0.0210000000 0.0270000000
2458627.8866800000 0.0120000000 0.0280000000
2458627.9100299999 0.0035000000 0.0320000000
2458627.9114399999 0.0260000000 0.0280000000
2458627.9491599998 0.0015000000 0.0500000000
2458628.8670899998 -0.0050000000 0.0280000000
2458628.8870500000 0.0190000000 0.0280000000
2458628.9117000001 -0.0055000000 0.0320000000
2458628.9135500002 -0.0660000000 0.0270000000
2458628.9512900002 -0.0190000000 0.0230000000
2458628.9746099999 0.0360000000 0.0240000000
2458632.9353900002 -0.0010000000 0.0220000000
2458632.9682900002 0.0645000000 0.0330000000
2458633.9319099998 0.0295000000 0.0320000000
2458633.9524099999 0.0000000000 0.0220000000
2458634.8466599998 0.0045000000 0.0320000000
2458634.9584499998 -0.0300000000 0.0220000000
2458635.8720800001 -0.0170000000 0.0270000000
2458635.8871700000 0.0330000000 0.0280000000
2458635.8876399999 -0.0155000000 0.0310000000
2458635.9146699999 -0.0100000000 0.0280000000
2458635.9280699999 -0.0060000000 0.0240000000
2458635.9507300002 -0.0020000000 0.0240000000
2458635.9688800001 0.0140000000 0.0230000000
2458635.9707200001 -0.0140000000 0.0230000000
2458636.8050099998 -0.0785000000 0.0470000000
2458636.8266699999 0.0350000000 0.0280000000
2458636.9133000001 -0.0035000000 0.0320000000
2458636.9142100001 0.0050000000 0.0280000000
2458636.9367300002 0.2290000000 0.0320000000
2458636.9429500001 -0.0040000000 0.0220000000
2458636.9443399999 -0.0110000000 0.0240000000
2458636.9829500001 -0.0670000000 0.0230000000
2458637.8464100002 -0.0055000000 0.0320000000
2458637.9508699998 0.0200000000 0.0230000000
2458638.9561700001 -0.0130000000 0.0220000000
2458638.9680900001 -0.0095000000 0.0320000000
2458639.9223199999 -0.0430000000 0.0220000000
2458640.8047799999 -0.0135000000 0.0490000000
2458640.8694702121 0.1364797315 0.0303940125
2458640.8696400002 0.1800000000 0.0250000000
2458640.9782099999 -0.0095000000 0.0320000000
2458641.9274700000 0.1260000000 0.0240000000
2458641.9685100000 -0.0145000000 0.0310000000
2458642.7841400001 0.0070000000 0.0280000000
2458642.9074900001 0.0100000000 0.0230000000
2458642.9084000001 -0.0090000000 0.0240000000
2458642.9364000000 -0.0090000000 0.0240000000
2458642.9503899999 -0.0105000000 0.0320000000
2458642.9522199999 -0.0180000000 0.0270000000
2458642.9795700000 -0.0230000000 0.0270000000
2458643.7662300002 0.0590000000 0.0290000000
2458643.7856200002 0.0020000000 0.0280000000
2458643.8066900000 -0.0025000000 0.0320000000
2458643.8094799998 0.0200000000 0.0280000000
2458643.8223100002 -0.0120000000 0.0240000000
2458643.8426799998 -0.0080000000 0.0240000000
2458643.9352699998 0.0080000000 0.0240000000
2458643.9362200000 -0.0020000000 0.0220000000
2458644.7409000001 0.1185000000 0.0540000000
2458644.8309033313 0.4050393636 0.0505532790
2458644.9334499999 -0.0390000000 0.0220000000
2458644.9687299998 0.0005000000 0.0320000000
2458645.8070100001 0.0050000000 0.0280000000
2458645.8272299999 -0.0030000000 0.0280000000
2458645.9328899998 -0.0350000000 0.0230000000
2458645.9525299999 0.0250000000 0.0240000000
2458646.7845299998 0.0270000000 0.0280000000
2458646.8025000002 -0.0270000000 0.0270000000
2458646.9594299998 -0.0070000000 0.0240000000
2458647.7833400001 -0.0110000000 0.0280000000
2458647.8000599998 -0.0230000000 0.0270000000
2458647.8243499999 -0.0030000000 0.0280000000
2458647.8555000001 -0.0340000000 0.0230000000
2458647.8621100001 0.1530000000 0.0260000000
2458647.8871399998 -0.0090000000 0.0240000000
2458648.7483399999 0.0910000000 0.0290000000
2458648.7667200002 0.0310000000 0.0280000000
2458648.8015899998 -0.0135000000 0.0490000000
2458648.8546000002 0.0320000000 0.0240000000
2458648.8759800000 -0.0210000000 0.0230000000
2458649.7560100001 0.0410000000 0.0290000000
2458649.7842000001 -0.0020000000 0.0280000000
2458649.8081700001 0.0790000000 0.0290000000
2458649.8633200000 0.0220000000 0.0240000000
2458649.8902199999 -0.0480000000 0.0230000000
2458650.7982100002 0.0390000000 0.0290000000
2458650.8220299999 -0.0250000000 0.0270000000
2458650.8458799999 0.0280000000 0.0280000000
2458650.9479100001 0.0180000000 0.0240000000
2458650.9662199998 -0.0200000000 0.0230000000
2458651.7194200000 -0.0520000000 0.0230000000
2458651.8015600001 0.0150000000 0.0280000000
2458651.8196500000 0.0800000000 0.0290000000
2458651.8378800000 0.1900000000 0.0320000000
2458651.9541400000 0.0340000000 0.0240000000
2458652.7082600002 0.0850000000 0.0250000000
2458652.7200699998 0.0310000000 0.0240000000
2458652.8332099998 0.0410000000 0.0290000000
2458652.8402600000 -0.0220000000 0.0270000000
2458652.9349000002 0.0470000000 0.0290000000
2458652.9782500002 0.0710000000 0.0250000000
2458653.8238800000 -0.0380000000 0.0230000000
2458653.8387500001 -0.0170000000 0.0230000000
2458653.8696400002 -0.0030000000 0.0240000000
2458653.9080500002 -0.0420000000 0.0270000000
2458653.9098162372 0.3216568951 0.0778639930
2458653.9293900002 -0.0210000000 0.0270000000
2458653.9573400002 0.0250000000 0.0280000000
2458653.9697199999 -0.0675000000 0.0470000000
2458657.8661199999 -0.0430000000 0.0270000000
2458657.8961499999 0.0300000000 0.0280000000
2458657.9148400002 0.0030000000 0.0280000000
2458657.9487000001 -0.0320000000 0.0230000000
2458658.8952899999 0.0050000000 0.0280000000
2458658.9315399998 0.0455000000 0.0520000000
2458658.9471499999 0.0170000000 0.0240000000
2458660.8296400001 0.0090000000 0.0280000000
2458660.9367399998 -0.0190000000 0.0230000000
2458661.8309499999 -0.0330000000 0.0270000000
2458661.8466699999 0.0420000000 0.0290000000
2458661.9477200001 0.0100000000 0.0240000000
2458662.8489799998 0.0145000000 0.0500000000
2458662.9514600001 0.0090000000 0.0240000000
2458663.8303700001 -0.0440000000 0.0270000000
2458663.8458099999 -0.0020000000 0.0280000000
2458663.9789200001 -0.0190000000 0.0230000000
2458665.7208300000 -0.0520000000 0.0230000000
2458665.7428199998 -0.0040000000 0.0240000000
2458665.8463800000 -0.0030000000 0.0280000000
2458666.9468899998 -0.0125000000 0.0490000000
2458667.8108091876 0.3354391694 0.0471713567
2458667.8109800001 0.3250000000 0.0350000000
2458667.8481800002 -0.0010000000 0.0240000000
2458668.7887599999 -0.0050000000 0.0240000000
2458668.8113199999 0.0820000000 0.0250000000
2458668.8521099999 -0.0050000000 0.0280000000
2458669.7897500000 0.0170000000 0.0240000000
2458669.9135199999 -0.0050000000 0.0280000000
2458670.8894500001 0.0090000000 0.0280000000
2458670.9146300000 0.0065000000 0.0500000000
2458672.8234199998 -0.0170000000 0.0230000000
2458672.8504200000 -0.0060000000 0.0240000000
2458673.8325299998 -0.0080000000 0.0240000000
2458673.8453000002 -0.0050000000 0.0240000000
2458674.6763100000 0.0965000000 0.0530000000
2458674.8268700000 0.0070000000 0.0240000000
2458674.8469199999 0.0180000000 0.0240000000
2458675.7814000002 -0.0080000000 0.0280000000
2458675.8485500002 -0.0500000000 0.0230000000
2458676.7848600000 -0.0100000000 0.0280000000
2458676.8316700002 -0.0370000000 0.0230000000
2458677.7636914859 0.5199996082 0.0774835485
2458677.7638699999 0.4870000000 0.0390000000
2458677.7827400002 -0.0345000000 0.0310000000
2458677.8479860923 0.3938071368 0.0590725421
2458677.8528499999 -0.0490000000 0.0230000000
2458677.9588899999 0.0020000000 0.0240000000
2458678.7402400002 0.0005000000 0.0320000000
2458678.7435800000 -0.0300000000 0.0270000000
2458678.8204700002 0.0360000000 0.0240000000
2458678.9321400002 0.0190000000 0.0240000000
2458678.9330400000 -0.0130000000 0.0220000000
2458679.7386099999 0.0155000000 0.0320000000
2458679.7436600002 0.0610000000 0.0290000000
2458679.8021399998 -0.0160000000 0.0230000000
2458679.8199999998 -0.0090000000 0.0220000000
2458679.8213900002 0.0270000000 0.0240000000
2458680.7045200001 -0.0030000000 0.0220000000
2458680.7978400001 -0.0165000000 0.0310000000
2458681.6986199999 -0.0030000000 0.0220000000
2458681.7993899998 -0.0635000000 0.0310000000
2458682.7006399999 -0.0060000000 0.0220000000
2458682.7655500001 0.0425000000 0.0330000000
2458683.7018400002 -0.0100000000 0.0220000000
2458684.9543699999 0.0035000000 0.0320000000
2458685.7985499999 0.0355000000 0.0510000000
2458685.8316199998 -0.0045000000 0.0320000000
2458686.8033599998 -0.0115000000 0.0320000000
2458688.8116500000 -0.0010000000 0.0240000000
2458688.8130299998 -0.0040000000 0.0220000000
2458688.8342200001 -0.0010000000 0.0240000000
2458688.8846100001 -0.0175000000 0.0310000000
2458688.8905900000 0.0110000000 0.0280000000
2458690.7855099998 -0.0410000000 0.0230000000
2458690.7873200001 0.0020000000 0.0220000000
2458690.8133700001 -0.0370000000 0.0230000000
2458690.8278399999 0.0915000000 0.0530000000
2458690.8528800001 -0.0115000000 0.0320000000
2458690.8668499999 0.0390000000 0.0290000000
2458691.8012700002 -0.0340000000 0.0220000000
2458691.8049599999 0.2660000000 0.0270000000
2458691.8203599998 0.0160000000 0.0240000000
2458691.8665100001 -0.0305000000 0.0310000000
2458691.8810500000 0.0100000000 0.0280000000
2458692.7308899998 -0.0120000000 0.0230000000
2458692.8460800000 -0.0045000000 0.0320000000
2458692.8499199999 -0.0440000000 0.0270000000
2458693.7228500000 0.2300000000 0.0320000000
2458693.7656899998 -0.0280000000 0.0230000000
2458693.7796000000 0.0150000000 0.0240000000
2458693.7833400001 -0.0080000000 0.0220000000
2458693.8049499998 0.0050000000 0.0240000000
2458693.8512900001 0.0405000000 0.0330000000
2458694.8484999998 0.0085000000 0.0320000000
2458695.8827900002 -0.0190000000 0.0220000000
2458696.6834700000 0.1945000000 0.0570000000
2458696.7674214160 0.4142792866 0.0569546084
2458696.7675999999 0.4480000000 0.0280000000
2458696.7694899999 0.0020000000 0.0240000000
2458696.8448299998 -0.0020000000 0.0280000000
2458696.8462899998 -0.0045000000 0.0320000000
2458697.6943299999 0.0330000000 0.0240000000
2458697.8109386726 0.3900501599 0.0622018752
2458697.8900100002 0.0310000000 0.0280000000
2458697.8913799999 0.0175000000 0.0320000000
2458698.7101599998 0.0110000000 0.0240000000
2458698.9100799998 0.1070000000 0.0300000000
2458698.9128899998 -0.0115000000 0.0320000000
2458699.6964400001 0.0340000000 0.0240000000
2458700.7671099999 -0.0060000000 0.0240000000
2458700.8890999998 0.0240000000 0.0280000000
2458700.8913799999 -0.0125000000 0.0320000000
2458701.8886699998 -0.0115000000 0.0320000000
2458701.9072099999 0.0335000000 0.0510000000
2458703.6799300001 -0.0300000000 0.0270000000
2458703.8770099999 -0.0020000000 0.0240000000
2458703.9115900001 -0.0245000000 0.0310000000
2458704.8878389588 0.5285306928 0.0781310282
2458704.8880099999 0.4830000000 0.0310000000
2458705.6753699998 0.0215000000 0.0320000000
2458705.6855299999 -0.0050000000 0.0280000000
2458705.9130799999 0.0100000000 0.0240000000
2458705.9359100000 0.0215000000 0.0510000000
2458706.6826100000 -0.0170000000 0.0230000000
2458707.6788400002 0.0530000000 0.0290000000
2458707.6851900001 0.0005000000 0.0320000000
2458707.7615499999 -0.0530000000 0.0230000000
2458707.9065600000 0.0150000000 0.0240000000
2458707.9097799999 0.0180000000 0.0230000000
2458708.6891500000 -0.0160000000 0.0230000000
2458708.8916947511 0.5185444689 0.0828517283
2458708.8918699999 0.4470000000 0.0300000000
2458708.9316400001 0.0380000000 0.0230000000
2458709.6576700001 0.0250000000 0.0240000000
2458709.6819799999 -0.0300000000 0.0230000000
2458709.6824500002 -0.0070000000 0.0220000000
2458709.7656600000 0.2405000000 0.0370000000
2458710.6596499998 -0.0500000000 0.0230000000
2458710.7269799998 -0.0110000000 0.0240000000
2458710.7519100001 0.0525000000 0.0520000000
2458711.6671699998 0.0560000000 0.0240000000
2458711.7631899999 0.0520000000 0.0230000000
2458711.7879499998 -0.0415000000 0.0310000000
2458711.8015899998 0.0000000000 0.0280000000
2458712.6627199999 0.0300000000 0.0240000000
2458712.6864900002 -0.0220000000 0.0230000000
2458712.6874000002 -0.0360000000 0.0220000000
2458712.7027400001 -0.0050000000 0.0240000000
2458713.7442800002 0.0085000000 0.0320000000
2458713.7447600001 0.0210000000 0.0280000000
2458714.6668400001 0.0260000000 0.0240000000
2458714.7292399998 -0.0110000000 0.0220000000
2458714.7311399998 0.0160000000 0.0240000000
2458714.8496900001 0.0475000000 0.0330000000
2458714.8616999998 -0.0200000000 0.0270000000
2458715.6684300001 -0.0370000000 0.0230000000
2458715.8137599998 0.1295000000 0.0550000000
2458715.8256899999 -0.0115000000 0.0320000000
2458715.8261699998 -0.0070000000 0.0280000000
2458716.6599699999 0.1320000000 0.0250000000
2458716.6750699999 -0.0030000000 0.0220000000
2458716.6774200001 -0.0090000000 0.0240000000
2458717.7495900001 -0.0310000000 0.0220000000
2458717.7509699999 0.0160000000 0.0240000000
2458717.7518799999 0.0130000000 0.0240000000
2458718.6890099999 -0.0140000000 0.0230000000
2458718.7886147704 0.2565619801 0.0567645884
2458719.6558900001 -0.0485000000 0.0480000000
2458719.7479300001 -0.0170000000 0.0220000000
2458719.7506800001 -0.0020000000 0.0240000000
2458719.8137900000 0.0090000000 0.0240000000
2458719.8269500001 0.0560000000 0.0290000000
2458719.8274200000 -0.0375000000 0.0310000000
2458720.6672499999 -0.0140000000 0.0230000000
2458720.6859800001 -0.0060000000 0.0240000000
2458720.8805399998 0.0150000000 0.0280000000
2458721.7500300002 -0.0140000000 0.0230000000
2458722.8288400001 0.0470000000 0.0290000000
2458723.6650200002 0.0090000000 0.0240000000
2458723.6796400002 0.0050000000 0.0240000000
2458723.7718600002 0.0100000000 0.0240000000
2458724.6790800001 0.0070000000 0.0240000000
2458724.7696000002 -0.0060000000 0.0240000000
2458724.8313500001 -0.0205000000 0.0490000000
2458725.6844899999 0.0040000000 0.0240000000
2458725.7008099998 -0.0080000000 0.0240000000
2458727.6678599999 0.0130000000 0.0240000000
2458727.6768299998 0.0080000000 0.0240000000
2458727.6777300001 0.0070000000 0.0240000000
2458727.6791900001 -0.0290000000 0.0220000000
2458728.6809200002 0.0200000000 0.0240000000
2458728.7316600000 0.0070000000 0.0280000000
2458730.6599699999 -0.0495000000 0.0310000000
2458730.6608699998 0.0530000000 0.0290000000
2458730.6617700001 -0.0150000000 0.0280000000
2458732.6554100001 0.0010000000 0.0240000000
2458732.6830000002 0.0000000000 0.0240000000
2458732.6965899998 0.0260000000 0.0240000000
2458732.7003100002 -0.0070000000 0.0220000000
2458732.7012399998 0.0000000000 0.0240000000
2458732.7385700000 0.0140000000 0.0280000000
2458732.7399800001 -0.0300000000 0.0270000000
2458732.7470300002 0.0155000000 0.0320000000
2458732.8255799999 0.0245000000 0.0510000000
2458733.6954299998 0.0070000000 0.0240000000
2458733.7390999999 -0.0080000000 0.0280000000
2458733.7419300000 0.0205000000 0.0320000000
2458733.7428500000 -0.0250000000 0.0270000000
2458733.7886115746 0.4611982989 0.0506278816
2458733.8092100001 0.0090000000 0.0240000000
2458733.8143099998 -0.0040000000 0.0220000000
2458733.8337099999 -0.0220000000 0.0230000000
2458733.8346099998 0.0030000000 0.0240000000
2458734.6975099999 0.0160000000 0.0240000000
2458734.7367799999 -0.0040000000 0.0240000000
2458734.7376799998 0.0020000000 0.0240000000
2458734.8216800001 -0.0095000000 0.0320000000
2458734.8240800002 0.0060000000 0.0280000000
2458734.8250000002 0.0100000000 0.0280000000
2458734.8835000000 0.0140000000 0.0230000000
2458735.6423999998 -0.0160000000 0.0230000000
2458735.6451699999 0.0140000000 0.0240000000
2458735.7415499999 0.0070000000 0.0280000000
2458735.7452799999 -0.0390000000 0.0270000000
2458736.8243499999 -0.0865000000 0.0470000000
2458737.6462900001 -0.0020000000 0.0240000000
2458737.6612900002 0.0050000000 0.0240000000
2458737.8722700002 0.0000000000 0.0240000000
2458737.8731700000 0.0390000000 0.0240000000
2458738.6442600000 0.0190000000 0.0240000000
2458739.6384800002 -0.0170000000 0.0230000000
2458740.6337500000 -0.0170000000 0.0230000000
2458741.6416300000 0.0040000000 0.0240000000
2458742.6363800000 -0.0430000000 0.0230000000
2458743.6332399999 -0.0370000000 0.0230000000
2458744.6470300001 -0.0080000000 0.0240000000
2458744.8440700001 -0.0145000000 0.0490000000
2458745.6442200001 -0.0090000000 0.0240000000
2458745.6870416687 0.4599252293 0.0776003240
2458745.8418200002 0.0120000000 0.0280000000
2458746.6448300001 -0.0210000000 0.0230000000
2458747.6364699998 0.0210000000 0.0240000000
2458747.7648600000 0.0430000000 0.0290000000
2458747.7895200001 -0.0010000000 0.0240000000
2458747.8098900001 -0.0070000000 0.0240000000
2458748.6449000002 -0.0040000000 0.0280000000
2458748.7685199999 0.0260000000 0.0240000000
2458748.7804700001 -0.1005000000 0.0460000000
2458749.6425200002 0.0040000000 0.0240000000
2458749.7583400002 -0.0500000000 0.0270000000
2458749.7772599999 0.0000000000 0.0280000000
2458749.8128499999 -0.0020000000 0.0280000000
2458750.7676400002 -0.0290000000 0.0270000000
2458750.7884300002 -0.0230000000 0.0270000000
2458751.6440200000 -0.0190000000 0.0270000000
2458751.7805900001 0.0150000000 0.0280000000
2458751.7976299999 -0.0070000000 0.0280000000
2458754.6374499998 -0.0270000000 0.0270000000
2458754.7671800000 0.0110000000 0.0240000000
2458754.7799700000 0.1080000000 0.0250000000
2458757.7008300000 -0.0020000000 0.0240000000
2458758.6408600002 0.0320000000 0.0240000000
2458758.7656800002 -0.0235000000 0.0490000000
2458758.7877500001 -0.0330000000 0.0270000000
2458758.7986900001 0.0730000000 0.0290000000
2458759.7607300002 -0.0540000000 0.0230000000
2458759.7781900000 0.0920000000 0.0300000000
2458759.7955399998 -0.0150000000 0.0280000000
2458760.6397299999 -0.0070000000 0.0240000000
2458760.7652400001 0.0390000000 0.0290000000
2458760.7811500002 -0.0080000000 0.0280000000
2458761.6250700001 0.0290000000 0.0280000000
2458761.6442499999 -0.0480000000 0.0270000000
2458761.7580599999 0.0000000000 0.0240000000
2458761.7779700002 -0.0520000000 0.0230000000
2458762.6230500001 0.0090000000 0.0280000000
2458762.6324981884 0.3987493595 0.0576625511
2458762.6326700002 0.3810000000 0.0360000000
2458762.7554500001 0.0310000000 0.0240000000
2458762.7743199999 0.0730000000 0.0250000000
2458763.6183099998 -0.0285000000 0.0490000000
2458763.6331099998 -0.0220000000 0.0230000000
2458763.7090300000 0.0070000000 0.0240000000
2458763.7578300000 0.0280000000 0.0280000000
2458763.7747599999 0.1400000000 0.0300000000
2458764.6228299998 -0.0150000000 0.0280000000
2458764.7049500002 0.1530000000 0.0260000000
2458764.7503900002 0.0110000000 0.0240000000
2458764.7578500002 -0.0080000000 0.0240000000
2458765.6248300001 -0.0300000000 0.0270000000
2458765.6943999999 -0.0060000000 0.0280000000
2458765.7445399999 0.0080000000 0.0240000000
2458765.7555200001 0.0240000000 0.0240000000
2458765.7753099999 -0.0140000000 0.0230000000
2458812.5952425911 0.3971720417 0.0949770511
2458967.9534326652 0.2768100286 0.0404576322
2458980.9235017849 0.3196962167 0.0532383002
